1 1 46.0 4.007831 274 46.0 12
6 24 1618479.0 4.604567 171 1608967.0 13
1 1 44.0 4.110812 61 44.0 14
4 7 13195.0 4.6874256 392 11913.0 15
0 0 0 0 0 0 16
3 7 77824.0 7.9811068 610 76949.0 17
3 8 27174.0 5.1247225 618 25955.0 18
2 6 7377.0 7.340932 3755 6734.0 19
0 0 0 0 0 0 20
1 3 30.0 4.983456 133 30.0 21
1 2 285.0 4.0470257 396 285.0 22
0 0 0 0 0 0 23
0 0 0 0 0 0 0
0 0 0 0 0 0 1
0 0 0 0 0 0 2
0 0 0 0 0 0 3
0 0 0 0 0 0 4
0 0 0 0 0 0 5
0 0 0 0 0 0 6
0 0 0 0 0 0 7
2 2 751.0 3.5986342 577 542.0 8
4 4 3205.0 3.6944335 731 1958.0 9
2 3 10699.0 4.1645722 394 10416.0 10
3 3 997.0 3.0060508 415 809.0 11
1 1 6.0 3.082846 34 6.0 12
1 1 186.0 3.9998472 400 186.0 13
0 0 0 0 0 0 14
4 5 1582.0 4.332536 71 1080.0 15
1 1 357.0 4.330801 318 357.0 16
0 0 0 0 0 0 17
1 2 285.0 4.1031537 407 285.0 18
1 1 651.0 4.3292813 1361 651.0 19
2 3 9882.0 3.6791782 133 9802.0 20
3 7 800.0 4.2335815 80 473.0 21
0 0 0 0 0 0 22
1 1 86.0 3.5390992 281 86.0 23
0 0 0 0 0 0 0
2 3 28.0 3.3110888 204 21.0 1
0 0 0 0 0 0 2
0 0 0 0 0 0 3
0 0 0 0 0 0 4
0 0 0 0 0 0 5
0 0 0 0 0 0 6
1 1 250.0 3.9282763 585 250.0 7
5 5 529.0 3.8950408 300 427.0 8
7 27 16978.0 4.3946795 902 6258.0 9
3 4 16599.0 4.329781 104 15086.0 10
7 21 15373.0 4.2315035 170 7397.0 11
16 31 33451.0 4.448107 612 13103.0 12
3 5 815.0 4.3894305 187 473.0 13
8 34 69981.0 4.792636 4514 50314.0 14
252 746 1400019.0 4.3423724 2003 442147.0 15
120 431 438536.0 4.2190723 286 154839.0 16
87 138 95635.0 4.0600705 58 21853.0 17
124 237 328811.0 4.0213327 189 130643.0 18
263 677 835668.0 3.846317 782 154840.0 19
96 209 591028.0 4.0724096 164 154838.0 20
62 103 58632.0 7.812953 1379 20285.0 21
49 65 24545.0 4.8915963 115 5220.0 22
28 35 20154.0 7.226291 5005 10594.0 23
17 24 13214.0 3.8707178 878 9264.0 0
9 10 2928.0 3.8390982 522 1028.0 1
8 9 1786.0 4.094544 275 468.0 2
3 4 3112.0 4.1306343 26 2215.0 3
12 28 18721.0 4.850197 178 5649.0 4
19 34 168648.0 6.339968 2001 154838.0 5
13 28 7167.0 3.1994944 991 2312.0 6
46 71 348265.0 3.959081 121 154838.0 7
35 64 1245304.0 7.5793295 730 1170920.0 8
54 104 126537.0 3.9950788 78 50314.0 9
38 92 245983.0 4.0580096 350 130643.0 10
36 46 58981.0 7.568103 1805 37462.0 11
40 144 84069.0 3.8925903 2851 25093.0 12
31 232 26946.0 3.7868721 267 6578.0 13
17 33 30122.0 3.7289913 148 10100.0 14
29 172 67114.0 4.5357547 683 23308.0 15
13 16 20391.0 4.6546946 195 18866.0 16
14 45 146180.0 4.263339 59 84672.0 17
19 43 11176.0 3.9671395 1079 1701.0 18
16 30 24688.0 4.021622 78 11664.0 19
16 24 6766.0 4.287298 218 1604.0 20
17 21 18038.0 3.5713854 44 10597.0 21
10 17 18840.0 3.8766391 0 15609.0 22
14 16 4508.0 4.094544 224 2366.0 23
1 1 478.0 4.374068 1051 478.0 0
2 4 1348.0 3.4642065 1904 769.0 1
0 0 0 0 0 0 2
2 2 3650.0 7.098354 2945 2894.0 3
2 3 1701.0 5.006281 1081 1425.0 4
5 26 15915.0 3.7830331 1076 11946.0 5
11 14 8791.0 4.6247396 336 1928.0 6
14 18 7058.0 4.0636334 1069 1466.0 7
17 30 55113.0 4.280007 803 17563.0 8
25 43 85257.0 3.3233953 1826 66789.0 9
8 10 8042.0 3.8262403 334 4066.0 10
18 21 44677.0 3.908667 2000 17563.0 11
0 0 0 0 0 0 12
4 148 345902.0 7.73003 1226 154839.0 13
15 27 6551.0 4.0798917 365 3839.0 14
19 113 9866749.0 4.287298 40 9622111.0 15
12 19 24182.0 3.7815998 418 12931.0 16
26 51 60113.0 4.7998257 611 11888.0 17
13 17 7701.0 4.0469527 2001 3401.0 18
18 22 8348.0 4.6816134 2001 1660.0 19
30 39 39861.0 4.1166058 198 15195.0 20
22 32 14081.0 3.7945957 646 2671.0 21
13 16 3035.0 4.06085 45 1947.0 22
12 27 7447.0 4.005983 86 1947.0 23
1 1 7.0 3.353934 87 7.0 0
1 1 41.0 4.207785 77 41.0 1
2 2 1367.0 3.3709066 214 1277.0 2
2 8 8434.0 3.258398 1001 5706.0 3
6 7 5438.0 3.8296413 91 5201.0 4
5 8 3079.0 3.9802692 457 1785.0 5
13 17 17725.0 3.9665794 172 6039.0 6
10 15 8490.0 3.8357203 906 1660.0 7
13 24 38270.0 4.011507 327 17563.0 8
11 18 163081.0 3.9218905 30 154837.0 9
12 55 71090.0 3.4139967 1232 50314.0 10
16 223 9690321.0 4.3307757 488 9622111.0 11
28 314 2285855.0 3.5712335 447 864131.0 12
14 14 3899.0 3.8820646 411 1029.0 13
20 54 95285.0 4.3611317 1025 37680.0 14
24 43 254086.0 3.5090814 278 154837.0 15
26 45 35010.0 3.6111424 30 10436.0 16
20 86 43722.0 4.2534 102 15009.0 17
12 20 13669.0 4.8673277 2001 8998.0 18
10 12 7740.0 4.1348805 1080 4597.0 19
17 24 81923.0 3.9709702 1985 69255.0 20
21 340 870659.0 4.4208603 1224 864018.0 21
6 9 3610.0 4.2133956 1 1850.0 22
6 6 2329.0 3.3956394 1987 1028.0 23
2 2 79.0 3.7375681 61 55.0 0
3 3 21069.0 3.0907066 334 20923.0 1
1 1 22.0 3.6459367 304 22.0 2
2 2 176.0 3.7444513 119 89.0 3
3 5 17935.0 4.0312915 42 11886.0 4
5 12 81251.0 3.964832 1625 66786.0 5
6 13 18049.0 3.9067714 223 12831.0 6
15 25 62718.0 3.9896743 167 50314.0 7
22 104 80558.0 3.9623892 163 22143.0 8
28 99 71459.0 7.311985 1480 17563.0 9
18 102 519543.0 3.6913548 158 363773.0 10
16 30 121615.0 4.8983917 225 97580.0 11
10 21 167597.0 4.7922134 276 163543.0 12
8 66 32476.0 6.852099 1949 15195.0 13
2 4 32351.0 6.467533 444 32185.0 14
2 67 50868.0 7.182548 961 38036.0 15
10 35 6937.0 8.03924 645 2618.0 16
35 78 95060.0 7.1998568 119 45827.0 17
12 17 9095.0 3.8209367 181 3699.0 18
48 193 829901.0 4.2039313 3 154836.0 19
34 59 40138.0 7.323884 1943 7907.0 20
22 112 60165.0 3.696356 191 25517.0 21
20 36 23833.0 7.370074 1944 7654.0 22
13 15 11579.0 3.970768 914 6578.0 23
8 10 4541.0 4.0182223 310 3604.0 0
13 16 11588.0 3.8007576 71 8999.0 1
1 1 24.0 4.118697 155 24.0 2
5 20 158735.0 7.3129153 233 119903.0 3
2 4 997.0 4.03972 54 956.0 4
6 22 61476.0 4.0597377 212 37494.0 5
22 39 61855.0 4.0512476 309 37465.0 6
26 73 103824.0 4.1796975 555 50314.0 7
25 54 85943.0 3.9911797 1390 50314.0 8
20 49 27884.0 4.5500364 560 15195.0 9
29 78 198273.0 4.004539 66 103827.0 10
30 71 107686.0 4.3161283 249 35309.0 11
35 99 436358.0 7.6024194 2275 154837.0 12
32 142 520502.0 7.8237796 292 259205.0 13
26 41 82903.0 4.0758214 262 66786.0 14
23 52 39478.0 4.112848 102 19230.0 15
28 68 32994.0 6.575407 135 7661.0 16
25 36 69561.0 4.0697384 527 37464.0 17
26 53 59124.0 3.4817467 165 22553.0 18
24 38 26322.0 7.4750166 1072 3833.0 19
23 94 26465.0 4.33451 23 5356.0 20
18 25 18942.0 4.2034206 563 3699.0 21
13 34 167979.0 3.3076017 1920 154838.0 22
3 12 1054.0 4.7074356 679 700.0 23
6 17 11883.0 3.850865 549 6578.0 0
4 4 53.0 3.26116 66 20.0 1
3 5 953.0 4.315069 679 700.0 2
1 1 146.0 3.2143278 319 146.0 3
1 1 333.0 4.094724 683 333.0 4
8 16 18229.0 4.09812 1669 8804.0 5
5 5 3150.0 4.2337246 874 2299.0 6
25 96 188041.0 3.4605465 867 66307.0 7
22 170 4349839.0 4.01658 423 4218440.0 8
20 49 58070.0 3.8625076 526 28297.0 9
21 51 62883.0 3.934217 575 17767.0 10
41 1783 120117.0 3.9106636 743 47892.0 11
64 97 47174.0 3.903568 184 4544.0 12
27 53 40535.0 7.5342283 2394 10074.0 13
33 207 489911.0 4.141679 701 154837.0 14
21 47 191742.0 7.445793 429 154837.0 15
34 110 111739.0 3.8472095 209 37463.0 16
21 42 106802.0 7.9106236 1223 37465.0 17
30 47 241596.0 3.9708369 323 154837.0 18
42 121 180291.0 3.855849 380 154843.0 19
36 47 67909.0 3.8173 130 37465.0 20
27 46 29665.0 4.00421 432 16188.0 21
12 13 5817.0 3.7924423 29 2980.0 22
12 15 14156.0 6.5392904 1709 4066.0 23
7 11 6157.0 4.7341967 739 3274.0 0
3 3 104.0 3.7872608 25 54.0 1
4 5 2545.0 6.2314568 565 1667.0 2
5 7 573.0 4.157962 77 369.0 3
4 16 13767.0 7.1880174 1684 10436.0 4
9 9 4177.0 4.0309634 874 1339.0 5
12 102 385416.0 8.323883 7466 154838.0 6
45 92 165876.0 4.192537 646 75984.0 7
79 211 2065657.0 3.9623892 817 363773.0 8
104 570 844205.0 3.949646 625 154862.0 9
144 534 909669.0 3.7162063 633 154838.0 10
77 384 413732.0 7.5415096 559 154838.0 11
78 226 17508310.0 3.4486623 1845 5638999.0 12
98 403 1259562.0 4.20327 72 154838.0 13
114 316 1861980.0 7.4280066 326 154838.0 14
66 158 1309371.0 3.9316208 132 154838.0 15
43 177 1128049.0 4.1486087 116 864131.0 16
48 139 177005.0 4.0738597 52 145700.0 17
57 98 112299.0 4.117612 526 50573.0 18
44 54 31391.0 4.1022944 197 9628.0 19
52 79 44543.0 4.163625 447 5155.0 20
37 87 53057.0 7.178943 1682 7731.0 21
30 45 36011.0 3.6552365 1584 18068.0 22
21 24 25731.0 3.9671395 242 5985.0 23
7 8 4129.0 4.063615 1119 1661.0 0
6 7 1745.0 4.2560434 270 424.0 1
18 30 171660.0 7.3365526 565 154802.0 2
15 21 45353.0 3.8778813 36 11992.0 3
15 28 261350.0 4.744153 546 154840.0 4
29 62 248693.0 7.275948 7975 154840.0 5
26 39 100093.0 4.129254 1110 23968.0 6
43 142 137640.0 4.824427 184 37465.0 7
78 300 2035578.0 7.338151 551 1300995.0 8
56 210 982363.0 4.3567095 5270 864086.0 9
65 153 404951.0 4.378904 371 163543.0 10
76 190 1737793.0 3.9370148 588 1300995.0 11
60 160 580542.0 4.140265 1971 274721.0 12
62 194 1744723.0 7.158656 3420 765981.0 13
130 477 2073851.0 3.3702064 670 158724.0 14
61 245 17371758.0 3.9805493 381 5639588.0 15
56 89 191357.0 3.8448958 74 55649.0 16
121 234 2397248.0 4.4001565 1309 1695945.0 17
83 341 852188.0 7.4662066 3485 358247.0 18
72 357 1010449.0 4.2273483 965 864086.0 19
68 135 408727.0 3.8412561 180 154840.0 20
44 140 476118.0 3.993098 5178 163543.0 21
42 81 83995.0 3.9844565 9 22143.0 22
20 33 85126.0 4.1006417 565 66786.0 23
9 14 6948.0 3.7855663 140 4212.0 0
8 9 2555.0 4.966429 575 699.0 1
7 11 12456.0 4.127881 12 5037.0 2
15 35 7504.0 3.6814446 686 5375.0 3
21 38 193565.0 3.4615436 619 154840.0 4
27 142 9786932.0 4.2360926 1583 9622991.0 5
35 79 177195.0 7.266904 7980 67496.0 6
55 117 224935.0 4.141109 468 76005.0 7
90 244 1811472.0 4.3933053 206 368812.0 8
132 394 923257.0 3.985896 753 171423.0 9
160 330 1729630.0 3.9149752 667 368812.0 10
263 634 3131207.0 7.5318236 46 1121543.0 11
185 596 1632722.0 4.1413627 308 368812.0 12
107 385 1044260.0 3.86448 609 368812.0 13
132 454 486936.0 4.844566 82 154840.0 14
114 225 28620842.0 4.2337246 19 5639588.0 15
66 111 530651.0 3.6389632 1987 363773.0 16
81 308 9912722.0 7.6029825 1527 9623777.0 17
85 179 700002.0 4.2986307 108 312255.0 18
64 115 540893.0 3.91177 2835 442182.0 19
48 77 203675.0 4.1428714 253 163543.0 20
47 88 92034.0 3.9708369 1 17766.0 21
26 37 179201.0 3.8472767 340 100101.0 22
20 28 29657.0 4.1707683 55 7661.0 23
19 23 46571.0 3.9283972 559 37679.0 0
4 4 1802.0 3.7149384 17 1176.0 1
9 17 4643.0 4.0299087 1910 1224.0 2
12 19 12699.0 4.610166 217 5495.0 3
27 72 693792.0 7.3002815 1663 656206.0 4
24 40 66348.0 6.7332134 949 19230.0 5
33 63 119313.0 3.527421 218 21941.0 6
75 170 3192768.0 4.027679 708 1300995.0 7
80 175 355163.0 3.2564113 51 68677.0 8
125 406 2642530.0 4.109255 92 442168.0 9
133 607 1830549.0 3.9371912 413 864179.0 10
114 1264 1032132.0 4.971563 677 328917.0 11
93 150 497649.0 3.2940907 130 112241.0 12
119 692 881391.0 3.807602 96 163543.0 13
126 385 1357664.0 3.8588727 110 442182.0 14
101 369 17404756.0 4.321524 2546 5639588.0 15
82 302 1127451.0 7.399273 207 581857.0 16
94 289 1730643.0 4.3131194 34339 1301058.0 17
84 174 2236220.0 7.5757127 31175 1695945.0 18
70 129 333444.0 7.982051 7471 154840.0 19
14 24 49199.0 4.119992 435 43361.0 20
5 20 888484.0 7.402906 590 864131.0 21
4 26 286985.0 8.011694 7471 154840.0 22
4 20 331694.0 7.901738 7471 154840.0 23
54 85 265283.0 4.1575794 1253 100058.0 0
66 115 2050683.0 3.8384507 766 1811012.0 1
61 100 183340.0 6.895427 4206 29065.0 2
93 196 582199.0 4.7955523 142 158847.0 3
138 560 2256574.0 3.7752254 426 158847.0 4
192 451 1750703.0 7.1266184 910 364851.0 5
255 736 3386709.0 7.2912455 46 877327.0 6
505 1866 13029920.0 3.3275533 2001 1546606.0 7
635 2597 15423907.0 3.2160368 55 4934199.0 8
770 5208 30000242.0 8.090529 590 9617472.0 9
780 2152 21413626.0 3.8562198 70 9617472.0 10
636 3742 33660465.0 3.169872 817 9617655.0 11
548 14423 37872083.0 4.500929 677 9617655.0 12
706 3976 42401815.0 7.365539 1465 9617655.0 13
661 5893 35070681.0 3.7117352 1946 9617655.0 14
680 3478 33448616.0 3.8644078 974 9617655.0 15
738 2404 19780056.0 4.6383367 374 5017883.0 16
591 2797 41535167.0 3.541104 561 9617655.0 17
433 7513 24268143.0 3.9105852 119 9617655.0 18
634 2310 15047002.0 3.8919036 1419 4338891.0 19
284 972 13526975.0 6.5267916 449 9617655.0 20
187 678 5066477.0 3.3457735 247 1481050.0 21
329 685 2339358.0 3.9771063 113 420881.0 22
137 252 1238725.0 7.7772245 7470 285515.0 23
110 171 932482.0 3.7730803 330 285515.0 0
80 181 1986448.0 6.2999134 1375 1481050.0 1
96 241 4044995.0 3.7591908 2583 3232986.0 2
146 291 4339585.0 4.8214793 1047 2586640.0 3
130 407 3563659.0 3.0308387 266 2586640.0 4
61 1394 1522535.0 4.206984 1993 411462.0 5
205 1095 6827992.0 3.7826147 886 1081638.0 6
875 4518 66931345.0 3.390111 279 14895407.0 7
969 4915 44809114.0 4.4440064 1556 9617680.0 8
654 2568 28721465.0 6.924878 1808 9617680.0 9
922 4024 34073699.0 4.0703692 22 5017883.0 10
1206 3195 21830681.0 3.7836554 1076 6461338.0 11
1118 6498 39379002.0 3.7288933 49 5690247.0 12
884 3349 45967259.0 3.9454489 332 9617680.0 13
977 4021 42987540.0 3.3649414 150 9617680.0 14
665 2086 25267543.0 7.3449173 295 9617680.0 15
322 1713 22861793.0 3.2527616 971 4881441.0 16
93 651 23568475.0 3.3287513 486 9617680.0 17
195 787 15180152.0 4.884822 108 5017883.0 18
108 627 12986134.0 3.8501205 196 9617680.0 19
130 832 16144661.0 7.467714 2652 9617680.0 20
106 541 1055163.0 3.7047682 212 328882.0 21
76 262 10741775.0 3.9427683 358 9617680.0 22
49 87 492187.0 3.8861465 203 276540.0 23
35 107 1483206.0 3.6183639 204 420881.0 0
45 58 189865.0 4.028486 490 134405.0 1
20 31 257475.0 3.6213434 146 215736.0 2
34 1776 172958.0 4.737531 1171 68666.0 3
39 156 371188.0 4.278497 57 73637.0 4
67 140 1821270.0 7.1931396 912 508568.0 5
87 982 6345748.0 6.5028324 1564 2034387.0 6
141 427 3032590.0 4.0923386 261 381383.0 7
207 1358 15963822.0 3.796322 258 3201894.0 8
242 863 14314556.0 3.718101 226 7494438.0 9
255 1764 23905942.0 4.695442 566 9617680.0 10
302 3445 36048765.0 3.34553 686 9617680.0 11
370 1705 20419028.0 3.6726694 87 9617680.0 12
353 2846 36690276.0 3.8139248 440 9617680.0 13
358 1791 16590046.0 4.5032425 631 5044065.0 14
367 6020 38176318.0 3.7540712 1116 9617680.0 15
814 3063 23984406.0 3.7436302 153 3792838.0 16
893 3281 28026374.0 3.6360805 472 6461338.0 17
913 3803 21465306.0 3.8958466 212 4522237.0 18
432 1917 12134351.0 4.522035 54 2411785.0 19
771 3465 20711137.0 4.025327 190 5044065.0 20
698 10233 42564968.0 7.240658 1701 6151054.0 21
654 6018 8349500.0 3.8108118 358 1547974.0 22
430 3362 7642046.0 4.0923386 361 5044065.0 23
527 7183 18090954.0 4.18181 301 9617680.0 0
371 2296 5023943.0 3.0650883 896 3154905.0 1
309 674 6899287.0 7.148035 686 4522237.0 2
376 951 2256587.0 3.9009748 210 508568.0 3
493 1273 4889724.0 3.9566255 230 1695905.0 4
1083 10012 24661015.0 4.0085993 171 9617680.0 5
2008 13610 34951678.0 4.040951 643 9617680.0 6
2697 10010 50283418.0 7.1908264 1457 9617680.0 7
1864 9569 58454713.0 3.9525983 1465 9617680.0 8
3031 18635 87435161.0 3.0651639 170 9617680.0 9
22212 44542 116296463.0 4.0022454 161 14917017.0 10
111590 142874 190853528.0 3.9123068 340 9624599.0 11
96475 133582 181750785.0 3.252749 335 9625239.0 12
74043 113107 296648408.0 3.9688795 204 65404697.0 13
66410 112516 397295928.0 2.9856637 1997 16429588.0 14
95900 238585 1049590992.0 3.328051 393 9701272.0 15
93904 276251 1053334033.0 3.3563669 275 15947518.0 16
86168 267162 1123786687.0 3.7138293 631 27125879.0 17
53194 162269 753471410.0 3.9330792 80 15945119.0 18
14191 36857 110127485.0 3.8501775 246 15946808.0 19
7057 33756 114681373.0 4.9848576 656 9675466.0 20
2722 18387 47955570.0 3.8930295 253 9675466.0 21
3780 11009 39746739.0 4.1489325 2059 9675466.0 22
1986 7643 55911789.0 3.8751147 174 9675466.0 23
1277 2221 16634826.0 4.0084705 65 5025007.0 0
996 1594 8660714.0 3.8866878 798 3093728.0 1
963 4035 26579366.0 4.0711136 128 4352468.0 2
1395 3866 17117000.0 3.5759428 567 5025007.0 3
1731 5837 47687065.0 3.8929687 505 14578601.0 4
1978 6878 47204411.0 3.9438126 164 9695644.0 5
2095 5749 43605690.0 3.9758387 78 5025007.0 6
2078 11728 46466701.0 4.002847 1111 9675466.0 7
1965 4913 22850235.0 4.157195 535 5866043.0 8
2673 16248 44518806.0 7.368953 4393 9676073.0 9
2083 5223 42508988.0 3.8866878 87 9676073.0 10
1746 7375 36461711.0 3.3391817 243 9676607.0 11
1614 5819 38473635.0 4.188597 37 9676607.0 12
1519 4915 42023828.0 4.18654 53 6766470.0 13
1425 5926 45414029.0 4.1935763 100 9676607.0 14
1289 4538 18910269.0 4.1928215 65 3440176.0 15
1253 3973 20277417.0 3.867986 314 1696446.0 16
1084 24588 24294818.0 3.7284071 226 9676607.0 17
881 5746 15776984.0 4.7559357 723 4814297.0 18
823 1313 7044460.0 4.063732 229 1206771.0 19
630 2409 20950880.0 3.883255 471 4814297.0 20
457 3564 44847730.0 7.054787 889 9676607.0 21
355 555 5034985.0 3.0312173 338 4338911.0 22
197 1999 16666259.0 4.0043936 90 9676607.0 23
159 276 6854217.0 4.000337 318 5025112.0 0
108 182 769839.0 3.946429 1068 224089.0 1
111 2168 711503.0 4.201958 7133 285833.0 2
150 219 745197.0 3.9292161 354 151006.0 3
212 922 3714309.0 3.5713623 813 1818628.0 4
275 1599 4148605.0 7.307909 261 1605328.0 5
378 2637 24517075.0 4.785104 1096 9676607.0 6
420 3353 21044863.0 3.7472906 197 9677129.0 7
536 4617 7800064.0 3.9930732 448 1605328.0 8
558 3442 24446097.0 4.771941 484 9677129.0 9
507 2006 22034458.0 3.9434805 2461 9677129.0 10
407 1432 8868114.0 3.4282453 423 3440176.0 11
375 1068 18860943.0 6.3434405 308 9677129.0 12
431 1440 13691509.0 4.142978 2456 9677129.0 13
296 1344 30927105.0 3.7701995 363 9677129.0 14
283 1260 5446842.0 3.8176475 92 1605328.0 15
250 3116 33889233.0 7.2758303 2443 9677129.0 16
305 485 1636467.0 3.922887 166 464912.0 17
220 415 1172413.0 3.7993083 638 279913.0 18
108 319 2322696.0 4.2021575 849 1605328.0 19
234 338 1244830.0 3.3410535 155 279913.0 20
130 1107 12712381.0 8.071089 7893 9677129.0 21
69 83 110417.0 3.970004 1988 33143.0 22
54 68 80039.0 3.8378897 76 17098.0 23
49 180 9818644.0 3.8608341 710 9677129.0 0
40 53 78869.0 4.058139 57 17098.0 1
39 69 53965.0 4.7243686 1567 17098.0 2
37 68 76463.0 4.019488 387 34453.0 3
66 804 285913.0 4.184327 208 74237.0 4
102 250 638586.0 3.0324302 286 130703.0 5
142 359 1022143.0 3.8272586 1208 232130.0 6
156 397 3395323.0 3.7952318 1018 1306910.0 7
246 514 2151256.0 4.102815 131 424138.0 8
244 1012 4208836.0 3.8844855 425 1605328.0 9
210 442 3493097.0 7.53188 442 1206771.0 10
249 969 7330168.0 3.7070231 1859 1306910.0 11
116 354 6608221.0 4.1013 365 5050359.0 12
146 723 10852447.0 7.1728153 1996 9677129.0 13
150 608 5973510.0 3.845644 863 5050359.0 14
156 437 2738601.0 4.1928806 408 1306910.0 15
171 662 10614440.0 3.663914 572 9677129.0 16
200 3451 14009467.0 3.426413 360 9677129.0 17
177 992 11937105.0 7.087426 241 9677129.0 18
156 1045 4260418.0 3.8211179 394 1267836.0 19
109 147 214784.0 3.170437 618 71792.0 20
85 135 625638.0 3.7290277 2002 365630.0 21
65 317 9965091.0 3.882483 2002 9677129.0 22
36 50 16306.0 3.5817962 712 1945.0 23
34 137 52008.0 3.7430692 1686 29131.0 0
30 46 31698.0 3.849377 2897 14670.0 1
28 40 25484.0 3.8930278 258 5611.0 2
27 47 21089.0 3.8647819 1112 6755.0 3
54 455 308394.0 3.9096441 290 144122.0 4
78 133 290438.0 4.1928806 20 103980.0 5
91 364 3190980.0 3.787229 752 1267836.0 6
88 237 1092047.0 4.188597 818 166487.0 7
117 709 20659176.0 3.8672905 0 9677129.0 8
126 255 1625842.0 4.0849843 424 582644.0 9
118 177 540246.0 4.188597 532 168071.0 10
73 196 955020.0 7.1817036 808 260399.0 11
82 153 458375.0 7.0409007 417 182188.0 12
93 198 2204314.0 4.1944084 28 1325121.0 13
105 1214 13208260.0 3.9017189 56 9677129.0 14
92 302 3378884.0 3.9201121 146 1306910.0 15
95 1258 8029344.0 3.964515 1171 5025112.0 16
102 389 2768090.0 4.7629046 97 1306910.0 17
100 226 942934.0 4.102229 42 329348.0 18
54 98 496720.0 3.8945744 129 213116.0 19
88 1332 10604896.0 3.704521 397 9677129.0 20
112 341 2278388.0 3.3676689 764 1306910.0 21
57 452 10312967.0 4.0121226 161 9677129.0 22
28 43 170111.0 3.956374 0 134596.0 23
37 57 45131.0 3.870761 813 16422.0 0
20 25 34829.0 7.3657627 286 16176.0 1
33 49 247814.0 3.928192 1645 222675.0 2
26 35 159442.0 3.7419143 158 141595.0 3
41 119 2345087.0 3.28265 289 168218.0 4
22 29 11846.0 4.9418635 468 2812.0 5
67 121 624995.0 4.164533 87 422506.0 6
153 358 452447.0 3.281439 204 92199.0 7
108 134 504784.0 3.8513632 779 192007.0 8
83 328 1960083.0 3.9480376 50 1306910.0 9
69 109 221323.0 4.006316 58 71792.0 10
79 410 4552285.0 3.666067 31 3981868.0 11
85 556 6495449.0 6.940432 2838 2279962.0 12
97 4333 5890181.0 4.1673946 715 2590060.0 13
130 1005 10447068.0 3.7472906 503 9677129.0 14
77 347 5760808.0 3.8986511 58 5050359.0 15
70 122 350354.0 3.8183427 311 132029.0 16
59 146 1452622.0 4.190372 6 1306910.0 17
60 180 2871437.0 3.8688185 57 2590060.0 18
59 129 606028.0 3.838943 1949 285833.0 19
40 411 9740299.0 4.1944084 467 9677129.0 20
31 34 115741.0 4.0559664 547 92234.0 21
26 30 12130.0 3.915133 2002 3317.0 22
21 26 157772.0 4.969825 535 141595.0 23
22 26 291034.0 4.1944084 123 160759.0 0
28 128 5046265.0 4.9429383 2003 5025112.0 1
24 47 71532.0 4.027925 28 54443.0 2
12 14 76239.0 3.8646803 100 68723.0 3
14 18 7623.0 3.9181437 11 5928.0 4
33 68 15766.0 3.8630066 29 4138.0 5
33 42 217619.0 3.8986511 56 125819.0 6
81 258 1672204.0 4.115181 182 159074.0 7
49 454 1475395.0 3.940035 461 1267836.0 8
47 100 549263.0 3.6432736 737 159074.0 9
46 73 585388.0 3.8630066 537 160759.0 10
0 0 0 0 0 0 11
0 0 0 0 0 0 12
0 0 0 0 0 0 13
0 0 0 0 0 0 14
