114 236 755520.0 195432.0 12
112 185 4841695.0 2587503.0 13
71 125 454525.0 97761.0 14
64 107 627349.0 243620.0 15
48 60 461595.0 243620.0 16
60 110 1195464.0 951322.0 17
38 64 507517.0 339221.0 18
41 84 52956.0 28064.0 19
39 51 63217.0 20971.0 20
28 214 985558.0 935116.0 21
23 28 91396.0 83699.0 22
21 26 79822.0 46724.0 23
7 8 4592.0 1320.0 0
6 8 7428.0 5401.0 1
6 6 4038.0 1571.0 2
9 12 5642.0 2020.0 3
10 12 8159.0 3878.0 4
12 18 80690.0 67426.0 5
25 50 245388.0 195432.0 6
28 52 231530.0 128473.0 7
50 80 408737.0 232404.0 8
46 77 522184.0 338159.0 9
47 80 131308.0 33642.0 10
65 176 402864.0 172327.0 11
57 77 88110.0 18698.0 12
53 87 626591.0 338159.0 13
46 118 143780.0 33642.0 14
53 92 66452.0 19518.0 15
25 36 50436.0 12483.0 16
51 72 354735.0 314862.0 17
62 98 152220.0 40076.0 18
33 41 368799.0 338159.0 19
49 59 155356.0 87864.0 20
49 70 271644.0 125800.0 21
42 46 109766.0 51694.0 22
21 26 31452.0 9732.0 23
25 34 6870.0 987.0 0
65 79 222414.0 83699.0 1
6 10 2393.0 1431.0 2
4 5 1361.0 941.0 3
21 26 38502.0 15040.0 4
38 57 313571.0 152641.0 5
96 159 586204.0 354703.0 6
132 194 372284.0 147525.0 7
209 383 1063492.0 581821.0 8
237 348 1481855.0 338162.0 9
197 309 475844.0 136318.0 10
570 842 1694344.0 354703.0 11
672 917 1219770.0 131849.0 12
477 713 900927.0 142670.0 13
647 905 1041975.0 155548.0 14
10442 25565 22531322.0 748968.0 15
2655 3994 6922252.0 665769.0 16
1221 1893 3472435.0 1154293.0 17
5794 10399 13215249.0 807674.0 18
7778 14889 22171081.0 1689822.0 19
1621 3598 6674364.0 1481294.0 20
900 1396 1515001.0 99611.0 21
565 1002 1233034.0 163649.0 22
434 659 1101759.0 231388.0 23
343 450 2252015.0 1362401.0 0
282 472 2553086.0 1362401.0 1
316 657 2348153.0 453139.0 2
244 373 1051207.0 96780.0 3
940 1181 3337629.0 885787.0 4
521 661 1768734.0 264641.0 5
490 1066 8480311.0 2563219.0 6
548 1056 4301300.0 1034111.0 7
416 996 4587426.0 2563219.0 8
430 784 3250378.0 1469998.0 9
248 467 2298435.0 1763430.0 10
436 775 3141469.0 1469998.0 11
398 1273 1928015.0 338162.0 12
329 655 1683076.0 652017.0 13
295 903 2142114.0 338167.0 14
328 648 4809748.0 3051036.0 15
918 1389 1067051.0 338167.0 16
716 998 1120175.0 338167.0 17
7806 8026 4283526.0 3051037.0 18
788 955 1304869.0 339229.0 19
139 292 1155041.0 660451.0 20
142 405 1228574.0 338167.0 21
90 111 390757.0 338167.0 22
84 186 172973.0 83699.0 23
42 66 1885034.0 1763430.0 0
47 220 518853.0 308512.0 1
54 180 129671.0 27131.0 2
51 132 201960.0 38024.0 3
87 548 499773.0 195432.0 4
70 170 298396.0 58843.0 5
101 176 1790348.0 984583.0 6
174 430 1990685.0 1237838.0 7
234 409 551149.0 121270.0 8
241 478 2616733.0 1763430.0 9
155 271 427480.0 77256.0 10
223 408 923355.0 92126.0 11
30 560 226662.0 46035.0 12
30 74 305462.0 62632.0 13
186 681 3328071.0 954128.0 14
230 339 433398.0 122793.0 15
129 318 504784.0 152897.0 16
193 446 406075.0 47098.0 17
168 305 338776.0 65168.0 18
131 180 800352.0 337132.0 19
354 4702 2405078.0 1763430.0 20
257 504 732236.0 264733.0 21
162 304 364742.0 23796.0 22
101 245 252327.0 69842.0 23
69 219 252167.0 83699.0 0
46 66 61702.0 13415.0 1
52 149 95824.0 17843.0 2
71 220 1937375.0 1472764.0 3
147 435 750390.0 233129.0 4
115 185 266644.0 84046.0 5
130 324 1587082.0 984583.0 6
176 271 352209.0 69842.0 7
186 309 2066272.0 621720.0 8
185 311 1473696.0 384808.0 9
282 679 3943948.0 2288619.0 10
227 395 1283675.0 197678.0 11
217 463 729604.0 82482.0 12
218 544 3516133.0 1763437.0 13
174 591 5767088.0 4368218.0 14
273 469 810897.0 233134.0 15
235 424 952966.0 195434.0 16
260 763 2557307.0 748968.0 17
221 394 5483590.0 339231.0 18
214 487 8844119.0 5858708.0 19
147 234 231146.0 47023.0 20
117 269 726506.0 233134.0 21
95 158 250115.0 83699.0 22
69 169 4744605.0 2288619.0 23
41 58 171055.0 23808.0 0
34 143 132540.0 23659.0 1
35 43 48827.0 9075.0 2
42 113 116165.0 16753.0 3
73 116 396888.0 121270.0 4
87 182 701323.0 384015.0 5
182 305 1232837.0 363832.0 6
206 350 2023992.0 1237838.0 7
358 596 1338561.0 233134.0 8
372 753 6782370.0 294188.0 9
229 407 2137555.0 954128.0 10
164 310 4085203.0 2137300.0 11
133 205 1652634.0 534342.0 12
29 120 755845.0 298357.0 13
31 218 534526.0 234213.0 14
27 155 282439.0 60216.0 15
151 371 6541096.0 5766829.0 16
444 602 1080611.0 338167.0 17
224 520 1690373.0 712244.0 18
252 778 1940237.0 1087954.0 19
219 357 3653685.0 3051046.0 20
175 325 1064128.0 712244.0 21
123 196 512732.0 121303.0 22
68 124 72626.0 21844.0 23
72 131 267273.0 121303.0 0
68 118 310563.0 121303.0 1
57 216 980761.0 712244.0 2
89 243 514452.0 119903.0 3
98 142 712611.0 308512.0 4
132 309 570260.0 193190.0 5
262 474 2911760.0 704141.0 6
397 664 1124934.0 153846.0 7
360 547 1595466.0 368812.0 8
246 528 3805704.0 3051061.0 9
348 547 1290282.0 338171.0 10
329 588 1137820.0 298357.0 11
364 606 5955546.0 3793899.0 12
299 1606 3658101.0 935116.0 13
293 695 5060924.0 3051061.0 14
180 433 3692383.0 2288631.0 15
256 442 1949026.0 580487.0 16
225 522 7356140.0 4218440.0 17
161 356 692107.0 142119.0 18
153 345 5530909.0 2542638.0 19
157 221 274457.0 94517.0 20
107 148 155267.0 22976.0 21
73 112 116722.0 31883.0 22
63 120 2727617.0 2288632.0 23
56 69 2694224.0 2288632.0 0
36 90 65962.0 16753.0 1
34 54 69992.0 19001.0 2
44 94 109667.0 27131.0 3
45 66 260030.0 121270.0 4
100 170 309887.0 107726.0 5
131 203 163145.0 26838.0 6
158 352 1803664.0 552760.0 7
207 392 5119293.0 4218440.0 8
181 435 857784.0 195435.0 9
353 591 495487.0 121265.0 10
223 499 778065.0 85836.0 11
564 1225 6609939.0 4218440.0 12
277 720 1458869.0 499994.0 13
294 919 2568813.0 1600979.0 14
211 391 2393748.0 1931396.0 15
165 296 478771.0 124296.0 16
169 286 419707.0 76644.0 17
189 399 6661509.0 5639588.0 18
164 931 581384.0 281782.0 19
145 236 485511.0 107726.0 20
120 221 622227.0 162869.0 21
84 263 828408.0 580487.0 22
63 77 130314.0 37495.0 23
60 207 672809.0 264733.0 0
31 44 152772.0 83699.0 1
35 69 82195.0 16934.0 2
48 62 43551.0 7786.0 3
70 352 605038.0 229576.0 4
81 131 200552.0 83699.0 5
134 282 1583646.0 1029627.0 6
188 281 465764.0 136322.0 7
362 767 1759414.0 308512.0 8
313 1779 996989.0 152875.0 9
355 1223 4439066.0 2624298.0 10
358 796 1063034.0 184793.0 11
349 854 18218925.0 5638999.0 12
330 752 1195954.0 295434.0 13
333 1123 1496220.0 382399.0 14
283 556 1122679.0 195436.0 15
252 516 1473630.0 368770.0 16
305 502 744386.0 145700.0 17
338 526 1840509.0 365041.0 18
243 453 1238545.0 469722.0 19
282 503 752146.0 157344.0 20
168 514 745209.0 338175.0 21
100 136 395601.0 225680.0 22
89 136 191214.0 83699.0 23
73 548 831241.0 723425.0 0
56 97 122576.0 26019.0 1
54 142 429798.0 110573.0 2
126 532 1698968.0 958611.0 3
141 336 578503.0 121270.0 4
195 584 23417393.0 5769678.0 5
293 541 27758769.0 5769678.0 6
418 764 12325019.0 4293681.0 7
556 1012 3948329.0 491872.0 8
444 1594 5796989.0 1906659.0 9
424 774 4182516.0 1149535.0 10
542 930 5484815.0 1548387.0 11
276 793 3323446.0 581857.0 12
365 840 8478519.0 2288646.0 13
543 2143 10014338.0 2288646.0 14
409 808 20198034.0 5639588.0 15
404 776 6738330.0 2288647.0 16
2827 4269 18775697.0 5769108.0 17
664 1372 9198949.0 5769108.0 18
410 1018 4909321.0 2577606.0 19
467 776 2545931.0 638915.0 20
252 501 470936.0 48639.0 21
154 216 951139.0 195436.0 22
118 138 203276.0 51694.0 23
84 112 3045650.0 2288647.0 0
87 159 526838.0 233133.0 1
94 212 2060504.0 1472764.0 2
125 187 822083.0 103462.0 3
177 233 1231115.0 143029.0 4
303 507 2489541.0 768788.0 5
342 598 1862266.0 368812.0 6
503 1341 6993402.0 1264531.0 7
616 1438 16226920.0 2743355.0 8
889 3527 11193719.0 1906659.0 9
861 1752 7125970.0 581857.0 10
1169 2242 10441207.0 1549176.0 11
827 1521 6785646.0 757762.0 12
725 1348 11732671.0 1906659.0 13
712 1381 10068449.0 1756530.0 14
670 1116 33039418.0 5639588.0 15
491 1123 8144880.0 3051065.0 16
491 1227 12596999.0 2577036.0 17
535 1162 11824251.0 3051065.0 18
424 762 6037620.0 1469602.0 19
569 999 7589357.0 2288649.0 20
348 655 4659605.0 1549176.0 21
240 1311 7306279.0 2528121.0 22
170 236 3613030.0 2033217.0 23
140 918 523839.0 211747.0 0
116 154 509406.0 227558.0 1
125 303 549042.0 110573.0 2
209 428 4576615.0 2288650.0 3
291 525 2929437.0 958611.0 4
214 409 1540542.0 401479.0 5
298 577 3203544.0 597904.0 6
637 1430 12268487.0 1906659.0 7
788 1546 12483165.0 2352895.0 8
943 1951 15319475.0 3051078.0 9
891 2223 20066066.0 5639588.0 10
868 1676 9380170.0 2288653.0 11
816 1796 16828457.0 2688648.0 12
760 1791 14183482.0 4901998.0 13
877 1688 19905347.0 3793899.0 14
789 2133 28301445.0 5639588.0 15
670 1123 9681985.0 2288653.0 16
633 1385 13833784.0 2743355.0 17
515 1132 9487865.0 2288659.0 18
414 1321 5959554.0 1549176.0 19
121 198 1760929.0 395460.0 20
22 137 166209.0 67757.0 21
16 64 790073.0 338175.0 22
19 115 3954195.0 3570696.0 23
252 509 3085322.0 1508841.0 0
287 654 8376378.0 3320146.0 1
381 634 5374438.0 1365929.0 2
417 875 8559417.0 2697239.0 3
485 1282 15822014.0 2697239.0 4
732 1766 21911088.0 2697239.0 5
1018 2092 13854824.0 2697239.0 6
1357 2509 19270442.0 5865840.0 7
1566 4042 37648792.0 4304914.0 8
1836 6669 43343572.0 12006952.0 9
1682 6346 53231858.0 12006952.0 10
1219 2587 32711972.0 5803340.0 11
994 2299 51989181.0 12006952.0 12
1129 2519 47531180.0 6052549.0 13
1165 3246 73274640.0 12006952.0 14
1089 1835 22153354.0 5883066.0 15
1416 7570 45683431.0 8590353.0 16
1248 3074 40481065.0 16919013.0 17
765 6434 41945920.0 15992195.0 18
1064 1997 36410214.0 15992195.0 19
393 974 22704049.0 5030464.0 20
210 870 10180574.0 3203727.0 21
560 1321 13508153.0 5883066.0 22
441 617 1968895.0 216721.0 23
430 613 6226108.0 1813783.0 0
361 601 5239352.0 1817135.0 1
427 830 4032663.0 728491.0 2
759 1790 24970078.0 6052581.0 3
642 1455 24957561.0 3804888.0 4
283 758 18682675.0 5429123.0 5
669 1945 34338987.0 5865823.0 6
2330 4771 55950916.0 5883066.0 7
2862 5252 67668906.0 5883066.0 8
2008 5103 61827621.0 5883066.0 9
2671 5432 46468634.0 5865823.0 10
3758 8549 69858941.0 3755712.0 11
3508 8854 80665238.0 6052581.0 12
2897 5771 61045562.0 8590353.0 13
2652 6010 50128736.0 5865823.0 14
1514 3145 39640136.0 5865823.0 15
797 2308 28720131.0 5883066.0 16
221 1019 21350807.0 5865829.0 17
469 1277 18523867.0 2401241.0 18
262 890 14989808.0 2401241.0 19
262 420 4863684.0 1150369.0 20
269 1434 13841661.0 1850746.0 21
208 400 2121172.0 785912.0 22
153 261 6902372.0 5883066.0 23
144 617 12150733.0 5883066.0 0
158 259 3816478.0 1554323.0 1
164 363 14351430.0 6052617.0 2
164 353 4590447.0 1554323.0 3
248 1010 20329057.0 5883066.0 4
355 1103 17819484.0 5883066.0 5
499 871 16177338.0 2697285.0 6
655 1986 16606673.0 2401241.0 7
766 2228 37914577.0 6052617.0 8
835 1889 22108024.0 6052617.0 9
883 2942 40227617.0 6052617.0 10
735 2368 41419590.0 6052617.0 11
1035 3578 28626642.0 6052617.0 12
883 5333 66076766.0 15992195.0 13
972 2463 41233154.0 10167262.0 14
883 3923 30895318.0 5030514.0 15
2302 5131 46040692.0 10167262.0 16
2600 7208 36062632.0 6052623.0 17
2206 4855 28768025.0 2401258.0 18
1030 16457 31744669.0 6052623.0 19
1921 4746 20988317.0 6061026.0 20
1669 4448 21412236.0 5883161.0 21
1608 5362 22013369.0 6052623.0 22
1137 2526 27250420.0 6052623.0 23
1020 3907 17321189.0 6052623.0 0
1352 4000 15650897.0 6052623.0 1
1422 3422 32314347.0 6052623.0 2
1647 6074 18495373.0 6052623.0 3
2233 5656 40441914.0 6052623.0 4
3958 12823 51352838.0 6052623.0 5
5987 15102 82484125.0 15947518.0 6
8005 21722 81656483.0 6052623.0 7
5659 20419 130630141.0 12007049.0 8
9083 28691 122227315.0 8903393.0 9
10143 26566 57350835.0 7193309.0 10
10904 34051 64138391.0 8906016.0 11
13312 43700 95682785.0 6540177.0 12
14745 49723 90504854.0 8906016.0 13
26593 78763 124227547.0 4814297.0 14
190534 394671 995574547.0 15996398.0 15
209812 465897 890694560.0 15947518.0 16
272322 640938 2056458085.0 40848697.0 17
131823 312824 1203364932.0 40902322.0 18
132387 324757 958779789.0 15946808.0 19
4749 13681 53170148.0 4220991.0 20
1890 7939 48624615.0 15997691.0 21
2755 9778 16987391.0 2756830.0 22
1642 4019 13645747.0 3981868.0 23
1173 2270 14106758.0 3102970.0 0
969 1415 6058547.0 1410064.0 1
932 1726 7645451.0 1110223.0 2
1171 4257 12549656.0 1608284.0 3
1461 3721 14566004.0 3102970.0 4
1626 3459 33250346.0 8998551.0 5
1856 3766 20989022.0 1911503.0 6
1640 3764 22149521.0 5050213.0 7
1524 2902 15253391.0 5866043.0 8
1962 3568 19921719.0 1696446.0 9
1724 3058 17745074.0 5866043.0 10
5002 13322 126218470.0 6014289.0 11
4684 9976 94231240.0 6014289.0 12
4066 10621 70452448.0 6014289.0 13
3847 16196 61487952.0 3329932.0 14
3545 11670 76067096.0 5040243.0 15
3117 12134 55166474.0 5870469.0 16
2566 8383 59141710.0 9533755.0 17
2370 8297 46527525.0 4814297.0 18
2202 4402 45860901.0 3304396.0 19
1739 3589 33213895.0 4814297.0 20
1279 2174 21014963.0 4989472.0 21
948 3364 17313422.0 3046491.0 22
818 1455 12815440.0 2947443.0 23
882 3304 23021541.0 9533755.0 0
804 1870 17017218.0 9533755.0 1
755 3040 13994418.0 3329937.0 2
797 20177 21820214.0 3329938.0 3
802 1971 6593951.0 1088464.0 4
955 2897 10360197.0 1741354.0 5
1163 2859 32767649.0 6014289.0 6
1291 2592 16943862.0 2887949.0 7
1327 2538 15199957.0 1784259.0 8
1789 3401 10383999.0 1041135.0 9
1323 2461 17237043.0 6014343.0 10
1319 2575 30786285.0 9533755.0 11
1323 2839 28155516.0 3046510.0 12
1051 1753 18217825.0 6014343.0 13
867 1535 13861162.0 3046510.0 14
718 2956 20148866.0 4507175.0 15
678 1062 10084797.0 3769483.0 16
703 1298 16199549.0 11951201.0 17
450 1288 13581777.0 3329950.0 18
199 664 8534233.0 2366075.0 19
602 1206 13112602.0 5806797.0 20
599 925 3029134.0 656696.0 21
554 729 2587969.0 403827.0 22
270 389 3521453.0 2324908.0 23
315 398 4021137.0 3329958.0 0
243 527 1618990.0 709982.0 1
601 768 2639467.0 873946.0 2
325 490 2119138.0 546333.0 3
425 1410 2786525.0 906933.0 4
426 609 3297472.0 801838.0 5
548 1154 15606180.0 3329968.0 6
620 1230 13521375.0 5870465.0 7
635 1124 7558546.0 2362311.0 8
671 1164 4898423.0 927020.0 9
588 1518 19834115.0 6014343.0 10
629 1001 9450915.0 4393337.0 11
427 717 7464144.0 3046510.0 12
507 698 3633553.0 765898.0 13
407 902 13340836.0 3273864.0 14
398 1403 18719638.0 6014343.0 15
415 970 14899217.0 6014343.0 16
298 571 7235052.0 2362311.0 17
326 476 823964.0 105076.0 18
292 542 3176492.0 1206771.0 19
265 452 642337.0 155380.0 20
261 658 10462858.0 6014343.0 21
213 309 764819.0 184410.0 22
195 284 4093910.0 2362311.0 23
185 306 386050.0 26234.0 0
149 189 563639.0 143124.0 1
135 323 5864262.0 2947443.0 2
164 279 10198595.0 2947443.0 3
188 685 1447760.0 496740.0 4
204 264 1843729.0 734618.0 5
261 337 716818.0 60157.0 6
280 759 8577400.0 4870708.0 7
344 542 2397614.0 1281139.0 8
329 566 7662610.0 6014343.0 9
358 554 3308842.0 1458675.0 10
352 636 3512790.0 1458675.0 11
472 700 4372787.0 1458284.0 12
370 716 3236005.0 1175198.0 13
277 636 5621775.0 3046519.0 14
263 483 1584210.0 579336.0 15
274 506 3779263.0 3046519.0 16
237 432 3336669.0 2324908.0 17
203 279 1061791.0 551142.0 18
145 332 1547137.0 463675.0 19
200 330 1123108.0 707190.0 20
195 255 2043073.0 1458675.0 21
128 162 760208.0 216383.0 22
88 196 3441156.0 3046519.0 23
131 229 483059.0 86529.0 0
140 176 303856.0 49323.0 1
150 224 300728.0 44860.0 2
148 316 6343873.0 6014343.0 3
154 230 400783.0 60641.0 4
86 137 4215590.0 2947443.0 5
268 397 1865963.0 855174.0 6
342 425 1207573.0 163238.0 7
360 1391 12274953.0 5332193.0 8
334 612 4942048.0 2324908.0 9
330 632 5153331.0 2324908.0 10
332 716 11868181.0 5870465.0 11
442 653 1894513.0 169471.0 12
330 474 3809174.0 1511420.0 13
296 831 4857755.0 2574315.0 14
233 622 8361008.0 6014343.0 15
248 377 4172562.0 3046516.0 16
581 700 3047706.0 2362311.0 17
228 338 1233591.0 734618.0 18
219 349 797312.0 111594.0 19
224 450 7996629.0 4507146.0 20
211 247 447269.0 109528.0 21
122 142 267194.0 60641.0 22
135 175 1488263.0 599655.0 23
4 6 2986.0 2928.0 0
2 2 1291.0 1140.0 1
1 1 1759.0 1759.0 2
1 1 0.0 0 3
1 1 342.0 342.0 4
1 1 209.0 209.0 5
2 3 3454.0 2085.0 6
3 3 1863.0 1759.0 7
2 2 1621.0 1514.0 8
4 8 72968.0 69827.0 9
1 4 43330.0 43330.0 10
0 0 0 0 11
0 0 0 0 12
0 0 0 0 13
0 0 0 0 14
