8 10 8539.0 4.5808268 1986 2567.0 12
7 7 3360.0 4.154652 420 1287.0 13
7 11 3519.0 3.9164429 262 1190.0 14
3 4 1485.0 3.9786026 532 946.0 15
5 7 6618.0 4.5443807 4 3811.0 16
13 25 11857.0 4.6265345 460 2008.0 17
6 8 9807.0 5.0384917 202 5567.0 18
6 9 1684.0 3.8260548 490 603.0 19
4 7 3129.0 4.085329 1376 1425.0 20
2 2 477.0 4.6230445 197 337.0 21
3 5 3937.0 3.8297746 539 2846.0 22
2 4 368.0 3.3092906 394 246.0 23
0 0 0 0 0 0 0
0 0 0 0 0 0 1
1 1 2498.0 4.6230445 510 2498.0 2
0 0 0 0 0 0 3
1 1 24.0 4.6230445 42 24.0 4
1 1 502.0 4.272337 513 502.0 5
4 7 7721.0 4.5859156 24 3811.0 6
4 6 1236.0 4.455375 222 541.0 7
9 22 24491.0 4.4663844 59 18803.0 8
7 12 10266.0 3.242668 2002 5833.0 9
8 13 12580.0 7.6247997 456 7294.0 10
7 7 5046.0 4.596843 170 3811.0 11
5 5 2658.0 4.3266816 646 1425.0 12
6 6 4652.0 3.960138 448 2530.0 13
10 17 9802.0 4.022657 2002 2846.0 14
9 12 12569.0 4.2354064 569 3811.0 15
10 22 10506.0 4.1517925 330 4681.0 16
7 12 6677.0 3.9536 953 1762.0 17
10 10 3233.0 7.761047 1864 1105.0 18
8 11 2121.0 4.2022433 568 1014.0 19
12 16 2930.0 3.511868 14 1016.0 20
17 67 129801.0 4.491582 534 122243.0 21
8 12 8251.0 4.1881547 71 3204.0 22
9 9 3324.0 4.4884005 185 1194.0 23
5 6 1483.0 7.751505 459 433.0 0
4 4 607.0 4.5982566 294 254.0 1
0 0 0 0 0 0 2
2 3 3928.0 4.433428 2600 3122.0 3
10 16 16000.0 4.34583 670 8579.0 4
16 30 43658.0 3.7779548 3050 36034.0 5
43 74 22406.0 4.579247 526 4792.0 6
46 57 30246.0 4.587743 281 7894.0 7
63 76 32787.0 4.3423824 138 4222.0 8
69 126 210364.0 4.5855436 147 159534.0 9
41 51 49613.0 5.3986764 2146 18390.0 10
87 124 193894.0 4.566048 271 92333.0 11
96 142 118171.0 4.587743 634 22533.0 12
102 462 3140594.0 4.20278 1035 3077011.0 13
93 115 39364.0 4.677351 219 7130.0 14
791 1112 916055.0 7.213372 758 135852.0 15
703 905 1888561.0 4.6002984 620 1162547.0 16
367 468 383244.0 4.600225 388 101889.0 17
868 1130 814112.0 4.579247 156 101889.0 18
471 810 679221.0 4.600225 295 134751.0 19
62 78 75307.0 7.787629 1850 22533.0 20
17 21 5129.0 4.245894 195 1537.0 21
21 31 10050.0 7.451911 277 2896.0 22
7 9 26880.0 4.4572845 1369 24587.0 23
7 8 1361.0 3.7908876 37 1020.0 0
6 8 1450.0 7.4754767 1215 762.0 1
13 17 6988.0 4.0348487 2386 2514.0 2
9 9 3307.0 4.1789675 39 1696.0 3
10 13 8252.0 4.6982317 468 2352.0 4
8 13 8586.0 4.300372 1004 1425.0 5
12 15 16027.0 4.2458544 384 11837.0 6
13 17 11131.0 4.5982566 114 3571.0 7
16 18 14414.0 4.218867 722 9060.0 8
22 22 12681.0 3.9378498 120 3237.0 9
9 13 5294.0 3.5965507 2002 1357.0 10
12 12 5588.0 4.5993247 41 1472.0 11
5 5 1851.0 4.29707 144 1472.0 12
8 9 582.0 4.5855436 267 160.0 13
9 9 2182.0 4.5982566 283 494.0 14
11 19 7511.0 4.326512 246 4881.0 15
7 11 1340.0 4.2648616 178 1025.0 16
6 9 3483.0 4.588772 1078 1337.0 17
9 12 724.0 4.523036 7 163.0 18
14 39 10246.0 4.600225 0 3038.0 19
5 7 863.0 4.590559 197 351.0 20
5 7 3184.0 3.9757047 683 1096.0 21
9 10 1248.0 4.5958185 64 414.0 22
2 3 536.0 4.549159 109 480.0 23
0 0 0 0 0 0 0
5 5 612.0 3.3250663 74 294.0 1
1 1 210.0 3.5610228 232 210.0 2
1 1 30.0 4.0117364 20 30.0 3
3 3 1938.0 4.238879 416 1114.0 4
1 1 1173.0 4.1948276 1347 1173.0 5
11 20 10690.0 4.5993247 396 2352.0 6
9 10 15618.0 4.145031 491 13155.0 7
8 19 2992.0 4.4975805 119 1414.0 8
11 13 5917.0 4.583071 236 3618.0 9
5 5 854.0 3.9208882 635 283.0 10
7 9 1270.0 5.4037733 36 744.0 11
1 2 6538.0 4.8005457 281 6538.0 12
0 0 0 0 0 0 13
13 16 24795.0 4.1484957 123 18390.0 14
9 11 5343.0 4.7647867 103 1814.0 15
6 8 5670.0 5.0587907 330 1762.0 16
12 30 4916.0 4.344535 220 1762.0 17
6 7 1481.0 4.590559 96 492.0 18
10 12 3451.0 3.5820854 1483 751.0 19
24 29 30165.0 4.65804 203 21960.0 20
13 21 5330.0 4.4386525 189 1879.0 21
5 5 4026.0 4.5958185 266 1991.0 22
3 3 772.0 3.9573958 301 388.0 23
2 3 284.0 4.5378904 304 235.0 0
1 1 106.0 3.9463663 392 106.0 1
4 7 2560.0 3.821609 11 1820.0 2
3 3 1919.0 4.0034304 87 1820.0 3
5 5 2109.0 4.493038 250 1114.0 4
2 2 231.0 4.2395973 1063 139.0 5
8 11 5386.0 4.26851 112 1852.0 6
6 8 2331.0 3.765641 1403 1424.0 7
4 8 4106.0 3.96262 1403 1424.0 8
8 10 1465.0 4.098884 192 636.0 9
2 3 1826.0 3.871502 3106 1422.0 10
4 4 1103.0 3.7110062 84 646.0 11
9 14 4542.0 4.0615864 2001 1223.0 12
4 4 3387.0 3.9635203 268 2936.0 13
7 32 3764.0 4.2649684 101 1268.0 14
7 9 3551.0 4.265334 435 1454.0 15
31 60 40318.0 4.4738135 1240 1472.0 16
7 14 4803.0 4.2410626 1241 1472.0 17
8 11 6853.0 3.833062 20 1880.0 18
7 7 2868.0 4.162805 169 916.0 19
6 7 1040.0 3.9550653 77 572.0 20
2 2 15102.0 4.4715166 30 15093.0 21
3 4 1528.0 4.559923 1257 1399.0 22
3 3 80.0 4.134677 38 55.0 23
0 0 0 0 0 0 0
0 0 0 0 0 0 1
0 0 0 0 0 0 2
0 0 0 0 0 0 3
0 0 0 0 0 0 4
1 1 11.0 4.5958185 17 11.0 5
4 4 2057.0 4.4351463 1407 1424.0 6
3 6 227.0 3.469226 109 105.0 7
5 11 41291.0 3.6564806 3114 39652.0 8
7 8 1213.0 3.7992246 97 435.0 9
4 7 1879.0 4.1977277 32 1235.0 10
3 3 1400.0 4.5909243 481 881.0 11
2 2 814.0 4.583071 484 640.0 12
0 0 0 0 0 0 13
1 2 166.0 5.0792336 326 166.0 14
6 16 2424.0 4.6881433 742 1216.0 15
6 9 2130.0 4.583071 54 915.0 16
12 13 3752.0 4.196623 463 1810.0 17
12 16 4932.0 4.5267544 84 1723.0 18
16 34 8445.0 4.128979 124 1668.0 19
19 21 23943.0 4.2994714 124 6708.0 20
4 4 1931.0 4.587743 948 995.0 21
6 19 7847.0 3.8663797 2877 2960.0 22
3 4 4421.0 6.6875935 138 2960.0 23
0 0 0 0 0 0 0
3 5 273.0 4.632826 154 177.0 1
3 3 346.0 4.6024103 177 156.0 2
2 2 2064.0 3.8252177 1996 1596.0 3
4 4 315.0 4.2213683 29 236.0 4
7 69 3219.0 4.1629243 570 1424.0 5
14 17 8534.0 3.5863185 5277 5864.0 6
5 7 675.0 4.2621527 294 358.0 7
11 11 3483.0 4.5513663 502 1424.0 8
11 15 3906.0 4.441303 451 1762.0 9
10 31 6806.0 7.106665 2568 1644.0 10
13 14 2543.0 4.3717117 547 884.0 11
9 9 2768.0 4.2984033 191 746.0 12
6 8 4162.0 4.4715166 478 2496.0 13
10 12 5219.0 4.4989142 558 2305.0 14
8 13 5224.0 4.46536 591 2752.0 15
18 21 15937.0 4.914754 332 4853.0 16
24 200 119304.0 4.3206363 332 36034.0 17
21 42 10185.0 4.560214 520 1778.0 18
4 6 1480.0 4.840568 131 1114.0 19
8 12 2782.0 3.6318054 719 1472.0 20
8 8 4742.0 4.0884833 735 2287.0 21
5 6 2526.0 4.5293326 372 1637.0 22
1 1 241.0 4.5993247 237 241.0 23
3 4 9441.0 4.3025575 471 8783.0 0
0 0 0 0 0 0 1
1 1 1114.0 3.888407 1378 1114.0 2
2 2 121.0 4.287763 50 80.0 3
1 2 587.0 4.563347 1919 587.0 4
5 6 7767.0 4.644454 4679 4853.0 5
7 35 29371.0 3.7516744 1035 26838.0 6
3 5 2150.0 3.8040433 2001 1357.0 7
6 16 2586.0 4.5993247 364 1357.0 8
4 17 27362.0 5.4030433 1991 26838.0 9
3 3 131.0 4.2907057 292 49.0 10
6 7 2361.0 4.1484957 289 852.0 11
52 80 26785.0 4.5958185 191 3246.0 12
15 16 7730.0 4.5958185 521 2603.0 13
12 20 2983.0 3.9657056 57 1799.0 14
16 227 60339.0 3.9573185 39 26838.0 15
13 45 5849.0 4.2485576 170 3183.0 16
13 15 8367.0 3.2036433 674 1778.0 17
17 27 11287.0 4.258264 194 1778.0 18
6 7 2894.0 4.1261563 67 1723.0 19
15 30 6551.0 4.2699294 294 2033.0 20
4 4 442.0 4.279394 869 238.0 21
2 2 309.0 4.579247 1145 284.0 22
4 7 741.0 3.8511028 471 294.0 23
4 4 355.0 4.017242 358 231.0 0
2 2 3800.0 6.6871343 1457 3742.0 1
2 3 382.0 4.494758 300 282.0 2
3 4 1828.0 4.251703 726 1016.0 3
2 4 99.0 5.3600388 0 99.0 4
5 10 7417.0 3.4424868 3075 3080.0 5
6 10 5876.0 4.579247 26 2462.0 6
9 16 7265.0 4.579247 1678 4068.0 7
23 34 8940.0 4.1340313 612 2204.0 8
8 15 8853.0 3.9536 1130 3080.0 9
5 11 21646.0 7.722002 986 16257.0 10
14 18 91128.0 4.529654 679 41801.0 11
8 12 1450.0 4.5923805 109 344.0 12
7 10 1924.0 3.891845 98 1096.0 13
15 35 57225.0 4.846015 743 26838.0 14
11 21 10333.0 4.568233 35 7321.0 15
8 17 2628.0 4.2376924 944 806.0 16
14 19 6219.0 4.2430043 973 2050.0 17
18 99 14676.0 4.317095 243 3246.0 18
5 7 612.0 4.559923 94 373.0 19
5 5 2685.0 4.520474 448 1243.0 20
6 8 1379.0 3.5863185 471 389.0 21
1 1 71.0 4.5958185 228 71.0 22
0 0 0 0 0 0 23
2 2 621.0 4.1485724 564 388.0 0
0 0 0 0 0 0 1
3 50 2470.0 5.2927437 332 1778.0 2
5 67 47919.0 5.1707077 151 26838.0 3
4 5 806.0 4.1513953 341 388.0 4
3 4 1954.0 3.7151623 1418 1424.0 5
5 7 2338.0 4.1510735 570 1424.0 6
8 8 2517.0 3.9607766 746 707.0 7
15 25 8958.0 4.583071 38 2321.0 8
9 10 4044.0 4.600225 781 1781.0 9
11 13 5787.0 3.4916797 2259 2462.0 10
11 12 4484.0 4.257304 118 1569.0 11
15 21 2631.0 4.587743 220 834.0 12
6 7 2305.0 3.9333057 98 1369.0 13
12 18 4352.0 3.6822119 44 1243.0 14
10 38 9569.0 4.579247 849 4155.0 15
10 28 16741.0 3.9641192 354 13225.0 16
30 52 15738.0 3.6300857 105 1814.0 17
10 14 4992.0 4.7666097 15 1130.0 18
12 15 4458.0 4.21879 1998 1065.0 19
11 18 9638.0 3.503311 160 4757.0 20
7 9 2180.0 4.467023 576 1233.0 21
3 3 1702.0 3.5083263 197 1243.0 22
5 16 617.0 4.071589 97 360.0 23
1 1 11.0 3.9573958 15 11.0 0
0 0 0 0 0 0 1
2 2 242.0 4.149813 107 157.0 2
1 4 351.0 5.4122505 1057 351.0 3
0 0 0 0 0 0 4
1 1 139.0 4.554595 252 139.0 5
5 5 6915.0 3.530981 67 6337.0 6
9 10 1551.0 3.8980014 12 541.0 7
11 14 3069.0 3.4121928 643 593.0 8
38 44 17585.0 5.2373757 126 2226.0 9
29 32 8183.0 4.0157056 790 1814.0 10
28 31 11225.0 4.123826 655 2051.0 11
44 115 347781.0 4.107035 1998 328917.0 12
20 21 4701.0 4.4909625 517 2089.0 13
15 19 4151.0 3.9488387 235 1057.0 14
19 24 14860.0 4.3453803 419 6456.0 15
17 18 4377.0 4.587743 517 1424.0 16
10 16 4040.0 4.3253646 383 1778.0 17
12 21 5327.0 4.328635 3222 1723.0 18
10 11 2745.0 3.7779105 143 750.0 19
12 17 6069.0 4.5958185 260 1697.0 20
3 5 648.0 4.467023 1829 371.0 21
4 5 1427.0 4.5909243 125 828.0 22
1 1 335.0 7.417192 68 335.0 23
0 0 0 0 0 0 0
0 0 0 0 0 0 1
0 0 0 0 0 0 2
5 11 724.0 4.4362507 371 431.0 3
9 10 6089.0 4.436809 492 2419.0 4
5 6 856.0 4.246237 197 389.0 5
5 6 2756.0 5.2094593 1424 1424.0 6
4 4 7210.0 4.4526124 2906 5145.0 7
8 20 6388.0 4.291917 1148 2507.0 8
12 13 6887.0 4.109239 305 2384.0 9
9 10 3742.0 4.596923 177 1928.0 10
21 86 340956.0 3.961552 92 328917.0 11
13 52 20718.0 3.9425423 379 13225.0 12
15 66 9816.0 4.2942476 745 4376.0 13
14 19 15041.0 4.563304 82 8678.0 14
14 19 3402.0 3.6066885 33 1019.0 15
16 19 18289.0 3.7188807 891 12057.0 16
15 48 35174.0 4.583071 192 26838.0 17
13 14 6545.0 4.596923 9 1545.0 18
12 16 4770.0 4.2216897 30 1533.0 19
4 4 276.0 4.460466 184 255.0 20
0 0 0 0 0 0 21
0 0 0 0 0 0 22
0 0 0 0 0 0 23
0 0 0 0 0 0 0
1 1 22.0 3.9376595 158 22.0 1
0 0 0 0 0 0 2
0 0 0 0 0 0 3
1 1 1037.0 3.5985854 150 1037.0 4
2 3 14422.0 4.233638 6894 7211.0 5
1 1 25.0 3.5103395 84 25.0 6
2 3 1574.0 3.2208898 2001 1357.0 7
0 0 0 0 0 0 8
3 4 448.0 3.954682 151 190.0 9
1 1 234.0 3.786804 567 234.0 10
2 2 2421.0 3.9295504 170 2218.0 11
1 2 949.0 4.8433723 1028 949.0 12
3 3 2642.0 4.1133356 1078 1177.0 13
2 2 92.0 4.020948 92 50.0 14
0 0 0 0 0 0 15
2 3 1149.0 6.9598126 776 685.0 16
0 0 0 0 0 0 17
3 55 329369.0 3.1596823 224 328882.0 18
3 4 1246.0 4.1816072 184 976.0 19
1 1 380.0 4.0579963 233 380.0 20
1 1 518.0 3.8894665 661 518.0 21
0 0 0 0 0 0 22
4 4 581.0 4.032289 208 317.0 23
0 0 0 0 0 0 0
0 0 0 0 0 0 1
0 0 0 0 0 0 2
0 0 0 0 0 0 3
5 7 718.0 3.1727154 2001 564.0 4
0 0 0 0 0 0 5
1 1 852.0 4.179309 1671 852.0 6
8 8 6397.0 3.5451052 530 5047.0 7
6 17 15796.0 4.085311 4542 7248.0 8
5 14 29657.0 3.8887832 658 26729.0 9
8 77 3999.0 3.9980662 80 1870.0 10
6 64 15435.0 3.8167987 163 14789.0 11
8 8 2454.0 3.9616427 121 1933.0 12
7 7 4218.0 4.1916647 159 2264.0 13
3 3 67538.0 3.1094484 73 52747.0 14
5 29 15048.0 4.145506 2338 11542.0 15
5 7 1404.0 4.050146 528 787.0 16
0 0 0 0 0 0 17
1 1 292.0 3.9616427 1016 292.0 18
2 3 90.0 3.779004 97 62.0 19
0 0 0 0 0 0 20
1 1 1034.0 6.5724835 1048 1034.0 21
1 1 173.0 4.0579963 502 173.0 22
1 2 523.0 4.9852 2003 523.0 23
1 1 297.0 3.2043445 230 297.0 0
0 0 0 0 0 0 1
1 2 96.0 4.193687 117 96.0 2
0 0 0 0 0 0 3
2 4 1349.0 4.950831 1825 1289.0 4
1 1 61.0 4.16134 192 61.0 5
1 1 129.0 3.8662484 179 129.0 6
1 1 314.0 4.1739726 390 314.0 7
1 1 225.0 4.1955175 219 225.0 8
3 6 1564.0 3.9984314 1844 1287.0 9
3 3 258.0 3.9915724 311 144.0 10
2 41 329662.0 7.0506134 1982 328882.0 11
3 3 912.0 3.9640791 97 463.0 12
1 1 124.0 4.146872 486 124.0 13
4 4 1957.0 3.8604093 1994 1357.0 14
3 3 335.0 4.0016294 236 182.0 15
12 114 5684.0 3.991014 614 1999.0 16
10 91 331047.0 4.188101 236 328882.0 17
11 14 2377.0 3.5808015 48 745.0 18
7 13 10902.0 5.0113125 1159 7369.0 19
5 5 1817.0 4.1816072 378 1309.0 20
3 3 625.0 4.1826725 447 404.0 21
5 5 691.0 3.9832404 204 236.0 22
8 10 788.0 3.9081433 385 172.0 23
6 7 1212.0 3.6084929 81 579.0 0
5 9 8583.0 4.1916647 173 3805.0 1
6 7 10971.0 3.9165409 588 7311.0 2
9 10 19507.0 4.179309 288 17050.0 3
21 24 10246.0 7.146936 1073 2375.0 4
35 49 21466.0 3.9544196 492 7218.0 5
49 55 19690.0 4.073933 1062 2180.0 6
50 127 48040.0 3.6675432 210 14622.0 7
39 51 34425.0 4.1917562 225 18875.0 8
47 75 32673.0 3.8734221 287 8067.0 9
368 858 425003.0 7.8041143 592 92014.0 10
419 555 1084877.0 3.4842834 768 659199.0 11
587 861 906541.0 4.608915 575 328917.0 12
711 1032 1141428.0 4.594001 91 260012.0 13
1297 1867 1663339.0 7.5358334 1109 260613.0 14
3444 4857 4635867.0 4.530857 624 409172.0 15
3785 4682 4224616.0 4.145031 657 656839.0 16
1666 1956 1234722.0 4.6080003 275 135232.0 17
3067 3585 3521725.0 7.821093 941 556592.0 18
3368 4142 4194694.0 3.9079466 15269 878798.0 19
190 256 190275.0 4.6106033 257 48374.0 20
61 92 46148.0 7.3690004 309 10297.0 21
56 68 29711.0 4.4138823 39 6484.0 22
64 66 57594.0 4.592656 223 26922.0 23
40 56 17362.0 4.317985 207 4777.0 0
31 34 11236.0 4.3149114 778 1070.0 1
30 35 12376.0 4.254142 286 1345.0 2
36 46 23135.0 4.3234916 77 7318.0 3
35 40 39775.0 4.4205685 393 18126.0 4
36 41 13231.0 4.11917 397 1424.0 5
36 51 32798.0 5.4909635 77 13152.0 6
32 35 23877.0 4.468263 296 7664.0 7
36 41 28387.0 3.5802991 494 5019.0 8
33 103 8830.0 3.8691604 415 1379.0 9
25 76 56541.0 4.4483857 336 36281.0 10
7 11 3309.0 3.049473 209 1512.0 11
10 10 1785.0 3.9930732 172 819.0 12
7 9 5295.0 4.18654 45 1799.0 13
2 3 149.0 3.8396647 398 115.0 14
2 2 254.0 3.7090096 170 180.0 15
4 5 707.0 3.8578238 286 412.0 16
4 6 424.0 4.0498304 737 179.0 17
1 1 1348.0 3.8592696 1920 1348.0 18
1 1 3.0 4.0209036 17 3.0 19
1 1 4.0 4.1087966 53 4.0 20
1 1 841.0 6.9408092 75 841.0 21
2 2 1864.0 4.184709 2043 1666.0 22
0 0 0 0 0 0 23
0 0 0 0 0 0 0
0 0 0 0 0 0 1
1 1 1104.0 4.0772605 1593 1104.0 2
0 0 0 0 0 0 3
0 0 0 0 0 0 4
1 1 147.0 4.0772605 180 147.0 5
1 1 730.0 4.1226788 1489 730.0 6
1 1 287.0 4.184709 307 287.0 7
0 0 0 0 0 0 8
0 0 0 0 0 0 9
1 1 428.0 3.7412417 423 428.0 10
1 1 1348.0 3.859119 1920 1348.0 11
0 0 0 0 0 0 12
1 1 412.0 4.1129866 301 412.0 13
0 0 0 0 0 0 14
0 0 0 0 0 0 15
0 0 0 0 0 0 16
2 2 127.0 4.1271396 118 119.0 17
2 3 170.0 3.9052818 158 90.0 18
0 0 0 0 0 0 19
0 0 0 0 0 0 20
0 0 0 0 0 0 21
0 0 0 0 0 0 22
0 0 0 0 0 0 23
2 2 626.0 4.051015 499 313.0 0
1 1 1334.0 3.752976 1993 1334.0 1
0 0 0 0 0 0 2
0 0 0 0 0 0 3
1 2 1133.0 4.280962 1454 1133.0 4
0 0 0 0 0 0 5
1 1 2458.0 6.9721274 1167 2458.0 6
0 0 0 0 0 0 7
2 2 610.0 3.8025575 765 513.0 8
1 1 194.0 3.787229 580 194.0 9
1 1 71.0 3.9075143 93 71.0 10
0 0 0 0 0 0 11
2 2 858.0 4.101808 43 854.0 12
0 0 0 0 0 0 13
0 0 0 0 0 0 14
0 0 0 0 0 0 15
1 1 24.0 4.11302 53 24.0 16
0 0 0 0 0 0 17
0 0 0 0 0 0 18
0 0 0 0 0 0 19
0 0 0 0 0 0 20
0 0 0 0 0 0 21
0 0 0 0 0 0 22
0 0 0 0 0 0 23
0 0 0 0 0 0 0
0 0 0 0 0 0 1
0 0 0 0 0 0 2
0 0 0 0 0 0 3
0 0 0 0 0 0 4
0 0 0 0 0 0 5
0 0 0 0 0 0 6
0 0 0 0 0 0 7
0 0 0 0 0 0 8
0 0 0 0 0 0 9
0 0 0 0 0 0 10
0 0 0 0 0 0 11
0 0 0 0 0 0 12
1 1 3459.0 3.752976 3530 3459.0 13
0 0 0 0 0 0 14
0 0 0 0 0 0 15
0 0 0 0 0 0 16
0 0 0 0 0 0 17
0 0 0 0 0 0 18
0 0 0 0 0 0 19
0 0 0 0 0 0 20
0 0 0 0 0 0 21
0 0 0 0 0 0 22
0 0 0 0 0 0 23
0 0 0 0 0 0 0
0 0 0 0 0 0 1
0 0 0 0 0 0 2
0 0 0 0 0 0 3
0 0 0 0 0 0 4
1 1 854.0 3.8574948 580 854.0 5
0 0 0 0 0 0 6
0 0 0 0 0 0 7
0 0 0 0 0 0 8
0 0 0 0 0 0 9
0 0 0 0 0 0 10
0 0 0 0 0 0 11
0 0 0 0 0 0 12
0 0 0 0 0 0 13
0 0 0 0 0 0 14
0 0 0 0 0 0 15
0 0 0 0 0 0 16
0 0 0 0 0 0 17
0 0 0 0 0 0 18
0 0 0 0 0 0 19
0 0 0 0 0 0 20
0 0 0 0 0 0 21
0 0 0 0 0 0 22
1 1 0.0 4.184327 19 0 23
0 0 0 0 0 0 0
0 0 0 0 0 0 1
0 0 0 0 0 0 2
0 0 0 0 0 0 3
0 0 0 0 0 0 4
0 0 0 0 0 0 5
0 0 0 0 0 0 6
0 0 0 0 0 0 7
0 0 0 0 0 0 8
0 0 0 0 0 0 9
0 0 0 0 0 0 10
0 0 0 0 0 0 11
0 0 0 0 0 0 12
0 0 0 0 0 0 13
0 0 0 0 0 0 14
