493 1157 1424979.0 4.974148 201 218580.0 12
382 829 942657.0 4.3028097 293 139445.0 13
409 868 1666532.0 4.2945266 862 864131.0 14
383 586 1464753.0 3.8818078 462 864131.0 15
278 439 457043.0 4.5859337 201 29757.0 16
424 677 608456.0 3.9503086 358 88154.0 17
440 933 721329.0 4.23391 48 130792.0 18
261 479 495561.0 4.2946653 989 130792.0 19
228 434 626542.0 3.8265824 17 130641.0 20
207 398 1026518.0 4.791353 396 121237.0 21
161 218 192053.0 4.984592 1134 48639.0 22
109 147 82827.0 5.0247164 1219 7995.0 23
60 72 26721.0 4.0561156 75 4415.0 0
39 45 35427.0 4.086863 111 8457.0 1
15 18 15377.0 3.866053 17 6434.0 2
19 26 23088.0 3.6773608 17 11775.0 3
20 29 29482.0 4.203663 147 18570.0 4
16 30 8838.0 4.3342376 34 2611.0 5
50 82 95512.0 4.2668524 283 19230.0 6
118 221 229316.0 3.6998575 879 42020.0 7
206 386 1892032.0 4.432922 1877 1458293.0 8
258 384 268495.0 7.511194 314 21234.0 9
174 301 488933.0 3.8396916 207 121254.0 10
392 731 1039601.0 4.393627 1470 198260.0 11
388 664 868923.0 4.344112 1891 197136.0 12
352 627 557297.0 4.206104 704 139445.0 13
301 580 854496.0 3.9139433 575 154626.0 14
297 476 802738.0 3.659834 3041 319230.0 15
198 517 570850.0 4.042614 406 121254.0 16
337 1416 4060901.0 5.2925353 1524 1188836.0 17
287 551 449560.0 4.23775 114 138408.0 18
392 780 466015.0 4.382742 147 75084.0 19
295 567 1367182.0 4.047226 792 864131.0 20
309 655 224814.0 3.7576926 118 23089.0 21
346 590 261764.0 4.382742 617 28627.0 22
279 472 414767.0 4.3898373 321 106481.0 23
304 458 625629.0 4.3682084 806 104747.0 0
139 192 108540.0 3.8395278 865 12326.0 1
74 101 393478.0 3.201003 865 324027.0 2
4 10 6529.0 5.3580933 969 4050.0 3
80 142 430070.0 7.239775 1335 170464.0 4
146 279 395318.0 4.2114563 523 122807.0 5
369 680 693588.0 4.207965 101 193154.0 6
878 2081 2287993.0 5.0860724 586 257937.0 7
1231 2351 2403970.0 4.374068 49 139445.0 8
1636 2787 2376893.0 4.173647 305 139445.0 9
1481 2627 4732233.0 5.204439 308 663763.0 10
4059 6969 5937762.0 3.6013632 36 514077.0 11
7474 10661 13544188.0 4.2573085 276 864131.0 12
4291 7452 7003837.0 4.37255 824 689383.0 13
4881 7111 7679625.0 4.3942537 1473 506698.0 14
20755 38350 40558065.0 4.1200175 1036 4721903.0 15
4046 7034 9926315.0 4.3274717 339 4005090.0 16
1793 5659 7071986.0 4.1691737 248 1176195.0 17
1647 2571 3020708.0 3.7531326 227 1188836.0 18
1461 2206 1858416.0 4.050701 821 178372.0 19
1064 2609 2749225.0 3.7510624 1989 137977.0 20
785 1187 871639.0 3.9748724 599 176841.0 21
632 902 1226448.0 4.0045114 701 324037.0 22
389 527 442006.0 5.0599756 1991 104747.0 23
246 332 189997.0 3.351867 130 30535.0 0
150 205 513813.0 4.1747284 1890 47876.0 1
83 112 131500.0 4.094544 275 54745.0 2
93 123 61438.0 3.755471 229 23968.0 3
100 141 175553.0 4.850197 178 41079.0 4
103 144 89470.0 3.486617 540 14876.0 5
193 286 972067.0 7.737891 1287 139445.0 6
311 562 1522161.0 7.524121 1489 1082998.0 7
416 682 1185177.0 3.7344213 188 489904.0 8
479 665 874168.0 5.059362 1486 139445.0 9
267 410 1941457.0 4.2639384 774 703299.0 10
414 589 1026211.0 4.23775 251 139445.0 11
392 504 1145974.0 6.799065 613 139445.0 12
372 492 873274.0 3.4820068 25 139445.0 13
282 532 532213.0 3.7289913 148 122793.0 14
287 519 251997.0 4.359999 197 25518.0 15
145 223 345754.0 4.259376 393 183176.0 16
216 276 463227.0 7.2712474 142 193154.0 17
231 374 301936.0 3.6645133 482 139445.0 18
241 413 619886.0 3.7837336 217 324037.0 19
218 343 177113.0 4.8504944 260 26872.0 20
243 452 1383757.0 3.8568285 172 1188836.0 21
152 245 88840.0 7.251422 2001 8110.0 22
136 312 56286.0 7.116036 1983 5176.0 23
90 103 540329.0 4.3942537 629 506698.0 0
38 47 21986.0 3.8473077 52 2557.0 1
29 39 31240.0 3.990639 1276 9772.0 2
22 26 16305.0 3.5078554 774 9770.0 3
27 35 14709.0 4.283376 323 1721.0 4
31 38 75374.0 4.259376 872 58843.0 5
84 140 496758.0 4.4915323 445 139445.0 6
125 188 406274.0 4.04998 386 139445.0 7
171 238 651467.0 4.481376 266 139445.0 8
198 325 867199.0 3.3090851 76 139445.0 9
109 152 289318.0 4.124661 80 139445.0 10
179 253 251603.0 7.6412625 574 46555.0 11
6 43 25914.0 3.6757712 1470 19270.0 12
23 111 137776.0 5.1161222 136 50581.0 13
151 269 107138.0 4.119992 411 10330.0 14
182 242 425762.0 3.5244467 732 139445.0 15
116 198 277771.0 4.3797445 535 122804.0 16
243 341 456791.0 3.9034173 172 139445.0 17
317 558 523346.0 4.0798917 384 104747.0 18
260 454 334683.0 4.23733 864 51027.0 19
292 519 281750.0 4.2639384 133 28728.0 20
222 401 158048.0 4.2534 38 33692.0 21
171 254 135554.0 3.8952303 151 36072.0 22
103 270 92992.0 3.7612686 1997 18836.0 23
46 56 24228.0 4.019799 21 3935.0 0
18 25 5240.0 4.398125 394 2071.0 1
27 34 20292.0 3.7204263 325 2591.0 2
27 38 20149.0 3.1349633 101 8989.0 3
25 36 27506.0 3.5984893 960 19230.0 4
28 38 50101.0 3.5751677 280 19230.0 5
55 121 1012151.0 4.1030912 762 954128.0 6
75 115 216137.0 3.948726 241 139445.0 7
78 113 141467.0 3.4879565 26 46555.0 8
93 149 125344.0 4.1576986 1377 46568.0 9
91 150 384853.0 3.4139967 1232 193154.0 10
102 220 473101.0 3.9082372 15 139445.0 11
130 406 1280134.0 3.5712335 447 864131.0 12
90 131 99825.0 3.9437485 44 19828.0 13
93 133 53468.0 4.3611317 1025 5120.0 14
138 225 216263.0 7.4026656 341 70322.0 15
182 260 243214.0 4.275327 95 64851.0 16
192 280 252894.0 3.7314835 1813 81602.0 17
209 327 153118.0 3.746014 1778 12358.0 18
212 305 1255896.0 4.3398905 108 1083294.0 19
170 372 321590.0 4.042598 760 102381.0 20
139 208 188578.0 4.4208603 1224 49608.0 21
84 170 90938.0 3.7888374 83 18066.0 22
79 113 432127.0 3.7614205 343 403530.0 23
29 37 12653.0 4.232284 2658 2795.0 0
18 28 44321.0 5.1495576 320 36246.0 1
14 17 4870.0 4.3931203 496 1674.0 2
15 18 9886.0 4.336205 5679 6216.0 3
15 17 47815.0 6.885886 225 11886.0 4
21 29 73689.0 3.9514487 124 45854.0 5
59 84 74965.0 4.0180717 337 9772.0 6
90 159 118968.0 4.4682746 661 43936.0 7
144 239 454909.0 7.4381533 2000 111210.0 8
165 394 1327608.0 4.3271284 224 864131.0 9
97 125 120124.0 4.2306356 2025 15337.0 10
76 107 145892.0 4.941398 2255 46568.0 11
77 110 139633.0 4.4245 145 22317.0 12
8 24 670069.0 7.1300077 3634 638141.0 13
12 59 43706.0 4.512378 1080 27819.0 14
14 38 17982.0 5.1701374 245 3967.0 15
82 126 95902.0 4.1693625 154 18836.0 16
169 305 299470.0 3.35625 538 96135.0 17
165 267 212027.0 4.3314404 1302 49071.0 18
187 380 4175905.0 4.3898344 146 4005344.0 19
201 322 446210.0 8.765728 47 193154.0 20
207 443 4223686.0 3.5445378 3849 4005344.0 21
149 240 133661.0 4.1517353 660 45854.0 22
76 92 65054.0 4.372545 132 6610.0 23
46 55 24358.0 5.003959 347 3604.0 0
23 30 16636.0 4.1758037 203 8999.0 1
19 31 10265.0 4.3943973 4 1939.0 2
17 27 4935.0 3.42503 710 1580.0 3
24 32 37669.0 3.9708369 30 13618.0 4
32 57 35205.0 7.543984 300 6734.0 5
111 244 152053.0 3.9226604 36 18066.0 6
162 332 267403.0 4.39782 24 42017.0 7
206 413 859085.0 3.201 39449 304304.0 8
135 342 183611.0 7.496495 1371 45854.0 9
220 400 384340.0 3.7845452 355 63268.0 10
206 350 1232583.0 3.3319843 937 1083294.0 11
208 363 322205.0 3.852027 873 42261.0 12
204 431 1879716.0 4.368188 172 651531.0 13
217 354 594108.0 6.927718 838 221343.0 14
170 613 1597268.0 3.5604293 873 1176195.0 15
331 504 630807.0 4.899727 8 105753.0 16
264 404 648638.0 4.2919655 197 336291.0 17
336 554 497146.0 3.877608 663 105753.0 18
201 386 423160.0 4.3892612 697 189693.0 19
155 243 110905.0 4.324916 77 21354.0 20
128 190 187930.0 7.491458 295 81602.0 21
101 227 61146.0 4.324039 234 6400.0 22
68 118 115770.0 4.312476 61 52780.0 23
38 50 24383.0 3.4722943 629 7200.0 0
33 56 19079.0 4.896577 1014 4960.0 1
54 69 15325.0 3.8215833 47 1144.0 2
16 20 8097.0 4.4770412 1980 2429.0 3
5 8 3605.0 4.094724 683 1350.0 4
38 48 87229.0 3.0009 428 70133.0 5
55 115 46258.0 4.0134435 188 19230.0 6
81 115 64813.0 3.6205893 1987 4060.0 7
134 294 611253.0 4.4775047 709 139445.0 8
146 223 327687.0 4.2220464 169 122804.0 9
198 341 470497.0 4.20327 237 139445.0 10
188 2004 429733.0 4.3579984 633 121265.0 11
318 507 364213.0 3.903568 184 170464.0 12
176 411 1599704.0 4.0065165 189 864131.0 13
174 279 257254.0 4.207938 28 113170.0 14
122 181 203462.0 4.0125194 722 70914.0 15
139 247 100821.0 4.4536033 121 32000.0 16
150 248 142233.0 4.278298 375 27973.0 17
156 221 107608.0 4.330704 10 11534.0 18
164 343 384951.0 3.5559793 290 256136.0 19
157 259 194863.0 3.7052102 1999 60860.0 20
163 253 112591.0 3.9660285 1348 23497.0 21
103 163 71045.0 3.7924423 29 11007.0 22
66 89 33636.0 6.5392904 1709 4066.0 23
31 41 18792.0 4.3455677 522 5183.0 0
31 46 222036.0 4.0541544 1963 105753.0 1
17 24 22677.0 3.977096 107 16039.0 2
22 24 15174.0 4.072692 95 1842.0 3
18 23 9455.0 4.1089993 118 1641.0 4
27 45 177223.0 4.0309634 874 154838.0 5
43 57 130260.0 4.0228915 195 104747.0 6
123 208 174552.0 5.014951 868 70133.0 7
296 563 278458.0 5.2339706 248 36072.0 8
453 1116 814570.0 7.4408526 331 154862.0 9
738 4484 2313144.0 4.3419147 208 1188941.0 10
402 1016 489936.0 4.0182223 266 154009.0 11
303 614 510464.0 3.4486623 1845 170464.0 12
326 491 336273.0 4.20327 72 35107.0 13
283 480 678698.0 7.4280066 326 468292.0 14
262 387 251189.0 4.3943973 241 21687.0 15
204 368 1107167.0 4.1486087 116 864131.0 16
306 1186 1390428.0 3.4588206 293 1188941.0 17
279 451 520242.0 4.3942537 36 222366.0 18
221 382 209454.0 4.4975047 56 37139.0 19
173 278 120767.0 4.71246 103 22352.0 20
173 319 199906.0 3.0968776 272 28627.0 21
119 167 193640.0 4.0191636 1908 104747.0 22
68 86 26913.0 4.382719 370 2192.0 23
44 60 27045.0 3.6908877 5671 5309.0 0
6 9 1754.0 3.9467828 187 669.0 1
85 92 26780.0 7.3365526 565 1667.0 2
22 25 15372.0 4.3797445 1886 5505.0 3
19 21 32584.0 4.064244 215 9772.0 4
34 59 43316.0 4.0621624 382 9772.0 5
67 135 1578697.0 4.8141494 222 1083312.0 6
130 271 209421.0 4.4280763 112 43936.0 7
208 358 585419.0 4.3421144 423 139445.0 8
183 3079 695323.0 4.1534925 275 172261.0 9
202 961 3230797.0 4.378904 371 1188941.0 10
217 374 726315.0 4.4484878 360 313777.0 11
161 310 309486.0 4.8142004 2833 27289.0 12
157 264 250013.0 4.149813 311 29757.0 13
236 373 766066.0 3.7054098 286 139445.0 14
151 221 262531.0 4.3933053 183 70133.0 15
164 243 462901.0 3.8448958 74 139445.0 16
187 475 262407.0 4.0764384 281 75084.0 17
215 452 468056.0 4.257294 47 104747.0 18
296 520 2072484.0 3.6941514 1903 1695945.0 19
387 757 789739.0 3.4431562 459 113173.0 20
238 423 509781.0 4.379714 410 87864.0 21
209 299 153464.0 3.4375634 1207 11007.0 22
105 151 81898.0 4.372545 54 34398.0 23
42 59 16434.0 4.3981013 55 1668.0 0
30 35 13140.0 4.438335 1905 2097.0 1
28 35 16958.0 4.211896 439 5145.0 2
23 27 9860.0 4.0125194 210 3883.0 3
49 66 33727.0 3.9754822 182 5201.0 4
92 123 95642.0 7.8282723 830 17361.0 5
99 198 177757.0 7.266904 7980 19555.0 6
167 280 488455.0 4.1142883 326 154866.0 7
222 382 621180.0 4.3877525 463 351186.0 8
359 537 589904.0 3.5968764 348 67332.0 9
395 638 1222059.0 3.5654137 265 230292.0 10
870 1308 943460.0 4.374068 274 106482.0 11
593 890 1037730.0 4.274632 169 268405.0 12
336 551 1204846.0 3.3860352 36 506698.0 13
317 529 1332304.0 3.4438138 1862 864179.0 14
297 404 334897.0 4.199226 38 38872.0 15
230 411 197948.0 3.7631536 174 15592.0 16
266 1370 1305189.0 7.6029825 1527 428643.0 17
238 581 395683.0 3.9514487 35 88154.0 18
263 1647 461306.0 3.91177 2835 139445.0 19
312 564 418508.0 4.17356 258 103859.0 20
234 510 361059.0 4.3921533 321 128100.0 21
172 334 327762.0 4.3933053 0 122407.0 22
111 147 196542.0 4.0018625 10 122804.0 23
45 75 416503.0 3.2682686 35 256143.0 0
38 52 32234.0 4.204219 235 5312.0 1
19 27 7571.0 4.1089025 1062 1667.0 2
31 38 31805.0 4.3942537 0 6545.0 3
38 50 41992.0 3.6402442 552 10121.0 4
38 61 48733.0 3.9747307 505 9772.0 5
85 129 154139.0 4.2335815 2001 70133.0 6
162 228 207835.0 3.7419927 25 20285.0 7
232 368 1065327.0 4.382719 692 139445.0 8
313 449 653087.0 4.372545 78 139445.0 9
327 728 1205237.0 3.4796655 2001 864179.0 10
287 1439 738819.0 4.1434445 349 173373.0 11
262 368 579334.0 4.3325896 921 139445.0 12
260 447 739338.0 3.7143567 431 105753.0 13
288 508 249987.0 4.205721 68 21459.0 14
238 385 747405.0 7.56005 439 163671.0 15
243 541 393343.0 4.74311 593 70914.0 16
287 4135 919485.0 3.7430093 444 506698.0 17
249 378 549367.0 4.0847545 30 122804.0 18
351 543 865449.0 4.237429 806 189722.0 19
89 107 115165.0 4.3943973 857 19831.0 20
11 16 22382.0 4.339873 110 8771.0 21
11 224 698227.0 9.199584 219 663763.0 22
7 25 113507.0 6.977745 15 105753.0 23
18 40 11160.0 3.9739769 1247 2496.0 0
12 14 44619.0 4.218326 619 8989.0 1
6 12 4559.0 3.6329677 71 2712.0 2
6 12 4928.0 3.3029506 478 3554.0 3
5 6 3996.0 3.6804588 128 3103.0 4
24 42 39318.0 3.9786706 1134 19499.0 5
29 52 62000.0 3.5959868 301 23963.0 6
35 58 53835.0 7.0765047 561 7929.0 7
58 87 99743.0 3.8202841 992 55545.0 8
86 134 74929.0 4.0022583 201 7929.0 9
60 86 131164.0 7.0506644 1664 39448.0 10
37 58 47953.0 6.995681 72 31842.0 11
38 83 134589.0 4.1826725 1196 31842.0 12
46 217 110468.0 5.173033 412 39553.0 13
50 200 1168140.0 3.7149072 626 863861.0 14
34 42 30938.0 4.071165 216 15338.0 15
67 107 69612.0 4.656943 1187 8965.0 16
51 221 191937.0 4.119358 959 133300.0 17
26 36 36636.0 4.0397396 2840 5201.0 18
53 189 49227.0 3.8016322 639 17833.0 19
21 66 152819.0 4.1302557 1249 139416.0 20
17 22 4576.0 3.5262256 331 1667.0 21
41 51 39596.0 3.9771063 113 15441.0 22
30 47 30255.0 3.487865 42 14250.0 23
16 26 9483.0 3.0535393 1053 3011.0 0
11 11 14026.0 3.2987158 452 8989.0 1
12 17 13252.0 7.2037497 883 5312.0 2
21 39 21534.0 7.383167 475 5201.0 3
10 11 15952.0 4.181049 916 13756.0 4
7 12 5267.0 4.6646185 174 2059.0 5
19 32 287471.0 4.006061 411 265893.0 6
105 147 125893.0 3.796322 856 17448.0 7
162 715 317615.0 3.7882924 105 91337.0 8
99 194 325751.0 3.271047 184 105689.0 9
156 306 222004.0 3.9731634 440 22456.0 10
199 497 540359.0 4.708424 722 91337.0 11
223 814 578226.0 4.008475 1203 47476.0 12
154 644 268250.0 3.9674063 902 36149.0 13
193 397 598526.0 3.8126128 17 163388.0 14
102 240 229752.0 4.181049 167 74043.0 15
49 114 193485.0 4.2636685 6 91337.0 16
18 36 57532.0 3.7465408 28 22311.0 17
32 104 34350.0 3.6010861 599 7867.0 18
13 26 29880.0 3.8501205 276 23325.0 19
13 17 5973.0 3.941067 55 2606.0 20
15 16 14513.0 4.191681 212 5495.0 21
14 16 6733.0 4.263946 5 1692.0 22
10 21 5773.0 4.392531 176 1766.0 23
3 3 307.0 3.970565 242 116.0 0
19 21 20519.0 3.6845329 543 8989.0 1
1 3 845.0 4.56516 1538 845.0 2
3 3 6707.0 6.490864 3431 5201.0 3
5 9 20403.0 6.835951 3432 13438.0 4
6 6 3945.0 3.4867108 134 1965.0 5
7 10 3247.0 4.088759 253 1337.0 6
12 18 6085.0 4.050283 404 1692.0 7
25 46 63899.0 3.8024278 114 37092.0 8
35 45 20991.0 4.837625 45 2580.0 9
36 687 143665.0 3.7053313 1082 56022.0 10
34 44 149141.0 4.188101 305 106476.0 11
60 93 76590.0 3.6726694 87 19230.0 12
51 540 71229.0 4.003317 167 19230.0 13
62 242 445520.0 7.1948285 717 265893.0 14
51 241 114518.0 3.649373 54 24228.0 15
133 202 167755.0 3.7436302 153 55597.0 16
143 441 129889.0 3.8864477 1580 18060.0 17
150 432 254708.0 3.2855308 1338 153944.0 18
75 166 212187.0 4.575116 687 69688.0 19
158 392 434467.0 4.0463266 279 124744.0 20
143 575 124675.0 7.240658 1701 22241.0 21
136 304 259648.0 4.04315 240 63582.0 22
114 163 131024.0 3.9940143 117 15441.0 23
112 164 74338.0 3.808816 244 9975.0 0
96 166 260909.0 4.188101 1965 71721.0 1
55 74 39790.0 4.1863008 1200 14507.0 2
66 100 191834.0 7.149013 44 154787.0 3
54 85 48817.0 3.962453 345 8303.0 4
116 185 122866.0 6.9579835 233 19230.0 5
194 5217 156339.0 4.20821 1976 19470.0 6
308 569 809713.0 3.5513964 1042 140742.0 7
274 1423 1693770.0 4.1812115 2165 140742.0 8
464 1378 1168727.0 3.9009566 306 256023.0 9
3047 6483 5693388.0 4.4096923 1991 514865.0 10
3147 5193 5901965.0 4.0589776 418 334974.0 11
3782 8535 5058109.0 7.044332 1973 155786.0 12
3948 6541 7248438.0 4.3032775 804 867262.0 13
5398 8610 8803601.0 4.422857 398 864179.0 14
12514 21480 34544816.0 3.770351 97 4010425.0 15
8847 12319 14944850.0 3.9543307 1438 465168.0 16
10341 14580 20448537.0 4.2979326 27 2773062.0 17
8198 12196 13741223.0 4.392185 431 343212.0 18
3822 7412 2672236.0 3.3188784 1314 122818.0 19
980 1708 1681049.0 3.5173268 190 452474.0 20
599 12599 2399500.0 4.140751 997 1192773.0 21
746 1140 887705.0 4.3411393 174 127563.0 22
384 505 499643.0 4.2628446 177 144556.0 23
165 458 66703.0 4.076788 159 7284.0 0
115 128 255335.0 4.019326 26 106657.0 1
86 99 255490.0 4.433122 90 50694.0 2
102 122 67671.0 4.2183733 782 45855.0 3
127 172 139206.0 4.0283003 249 42646.0 4
150 214 98567.0 4.391654 602 16028.0 5
163 266 144473.0 6.8874917 2490 44129.0 6
256 351 175652.0 3.775537 647 23975.0 7
282 506 212722.0 4.3411393 61 39237.0 8
468 591 334004.0 4.289469 244 36024.0 9
389 7432 1585766.0 4.3992 278 1180597.0 10
45 48 32065.0 6.7596364 2119 5495.0 11
39 47 20415.0 4.0142956 106 5495.0 12
26 31 5603.0 4.1505322 73 1651.0 13
30 39 11359.0 3.7715716 132 5851.0 14
36 36 35296.0 3.7810934 1394 15303.0 15
26 27 3364.0 3.8295813 579 1585.0 16
24 25 5523.0 4.0224133 1116 1328.0 17
22 24 13873.0 3.9835644 26 10068.0 18
13 21 8196.0 4.063732 229 3509.0 19
20 24 62680.0 4.025868 374 56329.0 20
12 13 9631.0 3.2520394 55 6739.0 21
15 17 4804.0 3.8546984 1432 1134.0 22
4 4 2029.0 4.2647448 5 1660.0 23
2 2 747.0 4.1809826 290 627.0 0
1 1 45.0 3.849377 82 45.0 1
2 2 5203.0 7.061649 565 4844.0 2
1 1 359.0 6.164793 565 359.0 3
1 1 120.0 3.9769728 5 120.0 4
2 2 120.0 4.207728 5 120.0 5
4 5 4580.0 4.273679 5 4331.0 6
14 16 5920.0 7.2102613 2001 1552.0 7
8 20 109381.0 4.148908 281 106019.0 8
6 11 581.0 3.1746023 83 193.0 9
11 12 4461.0 3.606401 1059 745.0 10
14 14 6266.0 4.0145116 5 1660.0 11
18 18 5270.0 3.9480388 451 1775.0 12
16 21 17670.0 3.9228761 5 9773.0 13
3 3 560.0 3.885587 221 247.0 14
9 9 13309.0 3.794381 285 10450.0 15
9 10 7023.0 3.8945756 138 5938.0 16
4 4 758.0 3.8014944 200 398.0 17
3 3 351.0 4.0121226 563 196.0 18
2 2 240.0 4.2721677 5 120.0 19
7 8 2680.0 3.9517713 1296 1075.0 20
3 5 229.0 5.005455 37 126.0 21
3 3 360.0 4.2749968 5 120.0 22
2 2 131.0 3.9017189 65 120.0 23
3 3 334.0 4.2755876 5 120.0 0
4 4 1489.0 4.253723 5 1334.0 1
0 0 0 0 0 0 2
1 1 120.0 4.2647448 5 120.0 3
0 0 0 0 0 0 4
3 3 279.0 4.143125 5 120.0 5
3 3 1928.0 7.3234167 77 1688.0 6
4 4 1724.0 7.159949 2001 742.0 7
5 6 9261.0 7.323037 1508 4063.0 8
4 4 13105.0 4.1854396 5 11199.0 9
6 6 1719.0 4.240139 5 1148.0 10
4 8 5100.0 4.9878497 2000 1660.0 11
5 11 10777.0 4.10959 5 9773.0 12
3 3 360.0 4.2721677 5 120.0 13
6 7 1413.0 4.1417093 5 901.0 14
8 9 1531.0 3.9021282 5 650.0 15
8 12 3455.0 6.8299417 1009 1422.0 16
7 7 3290.0 3.7045393 148 2723.0 17
8 13 107965.0 4.0930505 5 106019.0 18
7 7 2176.0 7.2095284 1541 1200.0 19
2 2 154.0 3.8111913 174 120.0 20
2 2 1821.0 3.6619902 138 1660.0 21
2 2 240.0 4.2692676 5 120.0 22
1 1 1179.0 4.111477 1391 1179.0 23
1 1 120.0 4.2658415 5 120.0 0
0 0 0 0 0 0 1
1 1 120.0 4.0188975 5 120.0 2
1 1 157.0 3.9207265 124 157.0 3
0 0 0 0 0 0 4
2 2 197.0 3.7620902 1270 120.0 5
1 1 1433.0 7.4099226 601 1433.0 6
2 5 3248.0 3.8500655 1474 1624.0 7
8 8 2210.0 6.8706565 2001 745.0 8
6 8 4474.0 3.7583635 5 3469.0 9
4 4 1912.0 4.111495 5 1660.0 10
6 6 4116.0 3.958126 222 3123.0 11
7 23 8897.0 3.0965135 797 4923.0 12
7 8 844.0 4.2395015 5 164.0 13
1 1 12587.0 7.3723707 419 12587.0 14
4 4 7580.0 6.8447986 3777 6739.0 15
3 3 652.0 3.9231567 5 513.0 16
3 3 3102.0 3.690778 233 2969.0 17
4 4 4236.0 4.112911 5 3929.0 18
2 2 42.0 3.7810602 10 42.0 19
3 3 1856.0 3.5438485 2000 1660.0 20
8 8 1794.0 3.8937232 107 901.0 21
2 2 367.0 3.8984454 585 247.0 22
2 2 92.0 4.0337462 126 52.0 23
2 2 27.0 4.0569944 55 23.0 0
0 0 0 0 0 0 1
2 2 479.0 4.084962 5 359.0 2
1 1 120.0 4.1161532 5 120.0 3
2 2 1771.0 3.946577 30 1651.0 4
1 1 275.0 3.205469 537 275.0 5
1 1 745.0 7.0098763 2001 745.0 6
2 2 125.0 4.123265 5 120.0 7
4 5 1214.0 4.2350907 5 742.0 8
5 5 1102.0 3.8053894 91 742.0 9
4 5 1383.0 4.2089324 5 742.0 10
6 6 6298.0 4.2721677 760 4076.0 11
9 16 31059.0 3.8063722 5 28603.0 12
1 2 228.0 4.1973653 198 228.0 13
3 4 1649.0 6.959792 1798 1312.0 14
6 8 4985.0 3.7838898 374 4265.0 15
1 1 40.0 4.044509 281 40.0 16
1 1 3509.0 3.6679218 2851 3509.0 17
2 4 6679.0 4.2658415 5 6559.0 18
2 2 933.0 4.2426486 5 813.0 19
4 4 1235.0 3.7043025 1092 960.0 20
1 1 120.0 4.11069 5 120.0 21
4 6 288.0 3.6771104 142 120.0 22
2 2 1616.0 4.2766333 5 1496.0 23
0 0 0 0 0 0 0
0 0 0 0 0 0 1
1 1 358.0 3.8428688 493 358.0 2
0 0 0 0 0 0 3
0 0 0 0 0 0 4
0 0 0 0 0 0 5
0 0 0 0 0 0 6
0 0 0 0 0 0 7
0 0 0 0 0 0 8
0 0 0 0 0 0 9
0 0 0 0 0 0 10
0 0 0 0 0 0 11
0 0 0 0 0 0 12
0 0 0 0 0 0 13
0 0 0 0 0 0 14
