224 399 1726993.0 3.8720555 475 358231.0 12
211 520 1785510.0 7.183196 1012 358231.0 13
216 648 2117937.0 3.0603068 3137 899588.0 14
230 574 1562546.0 7.5823917 1395 358231.0 15
97 154 970858.0 3.7753603 0 358231.0 16
146 233 774946.0 7.5302553 3460 65150.0 17
115 186 596926.0 3.4286087 1780 111616.0 18
94 157 307131.0 7.4661937 2001 19558.0 19
114 134 389918.0 4.0394726 15048 98048.0 20
65 90 243546.0 4.66433 14939 22080.0 21
69 87 143530.0 3.9344323 0 22080.0 22
47 63 176033.0 3.9272923 707 19558.0 23
19 24 57518.0 4.199186 2001 19558.0 0
14 15 32465.0 4.7379117 6003 19558.0 1
18 20 31711.0 3.905021 139 22080.0 2
36 43 90988.0 3.7982857 2681 19558.0 3
64 169 353527.0 3.970585 2045 68673.0 4
35 68 151245.0 3.9555485 7400 35171.0 5
53 95 594067.0 4.2423964 623 375616.0 6
102 1385 715877.0 3.6750593 124 130643.0 7
128 785 697366.0 3.6818414 2889 136210.0 8
186 291 1438890.0 4.2413344 160 358231.0 9
111 241 571145.0 4.306256 130 68673.0 10
161 378 965104.0 4.312131 79 136075.0 11
155 289 699093.0 3.4286695 1671 48516.0 12
161 465 2668435.0 7.213918 251 1265345.0 13
168 323 1226975.0 3.9462645 0 358231.0 14
181 370 515600.0 4.3318834 159 66786.0 15
126 299 1108594.0 7.179495 402 483666.0 16
163 361 1544469.0 3.7920656 0 358231.0 17
199 326 543864.0 4.3245025 205 65150.0 18
116 383 1386220.0 4.1719427 639 358231.0 19
143 218 557878.0 3.684481 354 177434.0 20
114 150 554446.0 4.1880555 775 70151.0 21
99 130 281626.0 4.300213 70 50168.0 22
58 71 143377.0 3.7950952 0 50168.0 23
69 85 56664.0 4.3203125 268 15752.0 0
53 99 132630.0 4.0038304 684 19558.0 1
8 15 52466.0 4.0953717 190 50103.0 2
9 48 583492.0 4.3299046 537 570184.0 3
113 256 1933465.0 4.3801327 589 1300871.0 4
162 399 1915607.0 4.3213186 142 1300871.0 5
441 979 2400683.0 3.2296655 1997 582901.0 6
577 1440 2486840.0 4.1011677 319 159534.0 7
671 1546 2548456.0 4.073923 114 682039.0 8
841 1885 2440605.0 4.1910396 1360 358238.0 9
584 1049 1675837.0 4.2350473 486 214293.0 10
1110 1931 4037800.0 4.332536 745 354703.0 11
1042 1848 4571069.0 7.286974 1816 525962.0 12
863 1574 3530061.0 4.719794 429 682039.0 13
1041 2180 5387593.0 4.22516 841 582903.0 14
6097 12350 22378763.0 4.1736417 43 1667849.0 15
6606 13551 38178901.0 3.8580706 1432 5859297.0 16
5039 10602 25278501.0 4.1638303 146 1265345.0 17
14607 30274 39598038.0 4.296571 347 1459734.0 18
9358 18324 33725557.0 4.2870083 391 1689822.0 19
1510 3486 7817512.0 4.1980386 917 1481294.0 20
841 1476 8077981.0 3.6908276 317 3077025.0 21
657 1962 2894160.0 4.316382 1450 358239.0 22
450 986 1766956.0 4.270826 1482 358239.0 23
245 350 340127.0 4.22516 79 48516.0 0
172 227 288279.0 7.5810986 1395 20233.0 1
215 558 1754436.0 7.094097 1388 801486.0 2
236 463 2192837.0 7.392972 1442 717957.0 3
385 747 1700114.0 4.229811 142 358244.0 4
425 736 2849044.0 4.3211856 346 644204.0 5
614 1787 2899079.0 7.6786094 674 358244.0 6
981 2291 6202923.0 4.141848 1936 1399175.0 7
923 4746 9341546.0 3.7794588 68 1170920.0 8
819 1846 8492106.0 4.0043144 1455 3051036.0 9
498 1253 4097077.0 4.07701 1392 1763430.0 10
662 1838 4470649.0 4.190727 3159 1106200.0 11
557 1233 5756103.0 4.3266907 499 3077024.0 12
476 1088 1539766.0 7.170639 4319 134334.0 13
392 687 1894762.0 4.3161283 1353 250202.0 14
435 1128 2621939.0 4.3223033 334 661627.0 15
215 1295 1377515.0 4.1273227 1888 358242.0 16
294 956 1492802.0 5.2014556 299 331714.0 17
429 571 1766624.0 4.238567 283 699246.0 18
276 555 953333.0 4.3058357 1978 88933.0 19
201 432 1736464.0 4.3203125 12 1034112.0 20
177 490 1022103.0 4.172529 2369 358242.0 21
128 201 506845.0 4.0333576 202 154839.0 22
108 240 214590.0 4.231551 512 23904.0 23
71 100 1932668.0 4.0246496 78 1763430.0 0
58 212 543051.0 4.3293905 111 308512.0 1
62 93 208950.0 3.1327817 1522 24301.0 2
86 123 253334.0 3.1313176 909 69029.0 3
163 359 3136352.0 4.0693393 1720 2587014.0 4
124 206 997384.0 7.301239 1097 358242.0 5
197 444 1179609.0 4.1146984 164 358242.0 6
276 510 2565738.0 4.18156 148 1237838.0 7
328 750 2112158.0 7.38243 136 857571.0 8
342 600 941803.0 4.793105 83 65168.0 9
173 669 734085.0 4.1407948 1982 358242.0 10
273 524 953715.0 3.8640404 567 99332.0 11
14 56 156847.0 4.0478625 35 50103.0 12
28 68 697324.0 6.456273 584 358242.0 13
221 813 2846816.0 4.111207 62 954128.0 14
239 463 2112636.0 4.778192 2845 857571.0 15
183 289 700488.0 4.618475 179 130643.0 16
243 462 765763.0 3.866622 15221 65168.0 17
195 405 715104.0 4.3292656 811 105558.0 18
194 599 1113494.0 7.028044 394 152848.0 19
2355 7282 6191620.0 4.293355 198 354703.0 20
1424 2981 2924838.0 4.1059093 98 197485.0 21
496 1128 1283533.0 3.720725 29 174568.0 22
287 519 1080313.0 4.155456 0 285649.0 23
140 252 226070.0 3.8013341 0 50104.0 0
132 174 181233.0 4.0295377 636 51701.0 1
205 358 1263659.0 3.4784734 644 827273.0 2
408 2019 2676593.0 3.9818292 23 958611.0 3
664 1886 3235597.0 3.446296 182 958611.0 4
517 878 2145952.0 3.5266352 488 358242.0 5
543 1448 3452000.0 4.1030912 762 958611.0 6
562 1278 3103216.0 4.233859 275 581857.0 7
483 917 1559098.0 4.2619967 47 358242.0 8
478 816 1969920.0 4.0311217 129 236794.0 9
379 1056 7794851.0 3.9459524 161 6038883.0 10
417 877 2849691.0 3.9067698 288 660451.0 11
392 989 2292905.0 3.854122 7 665769.0 12
350 726 1433845.0 3.7150803 6655 268497.0 13
411 1102 11541003.0 4.0511007 1994 4368218.0 14
512 992 2175605.0 3.9675562 69 535693.0 15
494 934 2043183.0 3.980218 372 534342.0 16
596 1648 4492749.0 4.3303957 58 519202.0 17
381 873 4958424.0 7.183341 383 3051046.0 18
382 894 1573615.0 4.147397 100 427218.0 19
300 808 1231238.0 3.6960392 54 519202.0 20
179 317 620051.0 4.086147 138 100089.0 21
140 230 263473.0 4.113943 0 52010.0 22
150 185 1410422.0 4.0213327 0 1170916.0 23
67 125 284569.0 4.3299046 2000 50104.0 0
43 99 91512.0 3.154966 321 19559.0 1
63 147 289594.0 7.1325073 1206 132797.0 2
83 152 384589.0 3.747995 149 47033.0 3
163 404 1038616.0 3.911673 302 475705.0 4
152 287 802134.0 3.2656078 200 147935.0 5
660 1472 11903329.0 4.2314334 63 4900781.0 6
523 1162 13819938.0 4.1092863 323 9602289.0 7
738 1317 2842612.0 4.3202496 452 665769.0 8
597 1341 3589593.0 3.8248818 637 519202.0 9
366 1963 2454711.0 3.9859104 124 954128.0 10
236 601 2183421.0 7.355044 2015 801486.0 11
252 589 4123760.0 8.066358 25 1399175.0 12
84 265 16961292.0 7.292128 1847 4900779.0 13
67 606 5293154.0 4.9935746 582 3051046.0 14
36 2821 1063529.0 3.8268013 83 358244.0 15
320 1071 2301839.0 4.1409416 926 358305.0 16
601 1773 2159051.0 3.776827 15394 535692.0 17
742 1156 1148957.0 3.7497418 1984 90060.0 18
442 1374 2190578.0 7.633861 2001 1009456.0 19
379 694 3796971.0 4.047205 1739 3051046.0 20
247 362 551119.0 4.3343897 482 60859.0 21
177 333 414212.0 3.714878 6364 45942.0 22
152 195 321204.0 3.8691535 964 62262.0 23
99 224 203567.0 3.945853 51 23829.0 0
57 70 131197.0 4.3223033 164 29810.0 1
89 133 296485.0 4.3299046 389 40962.0 2
124 281 398428.0 3.9785583 78 78295.0 3
197 1525 1170577.0 7.639686 2 665769.0 4
254 636 835579.0 3.3857455 267 104424.0 5
399 815 1368790.0 4.057312 2735 535692.0 6
465 1386 2400412.0 7.254299 1603 358244.0 7
517 1188 2753109.0 3.0865107 4213 474400.0 8
320 1010 4768167.0 7.484622 2117 3051061.0 9
496 1311 3468887.0 4.115773 724 801486.0 10
572 1407 4312106.0 3.7097294 865 534342.0 11
732 1382 3571045.0 4.6473756 738 581857.0 12
438 1779 1516377.0 3.8312795 23 130791.0 13
416 1045 6523015.0 3.7492015 1969 3051061.0 14
248 730 1634713.0 4.221825 145 519202.0 15
391 676 1288814.0 4.0880003 35 253054.0 16
310 718 1874031.0 3.8312795 51 519202.0 17
292 499 2603217.0 3.9105825 72 1811744.0 18
254 567 776686.0 5.09965 176 197485.0 19
191 350 1230578.0 4.3211675 15669 358244.0 20
151 210 495602.0 3.8543594 102 144824.0 21
123 150 191898.0 7.638868 2266 24222.0 22
102 120 136553.0 4.3332014 19 26265.0 23
59 80 213458.0 4.0294127 78 73078.0 0
49 60 105452.0 4.0879025 78 19559.0 1
52 62 85457.0 4.0558014 1960 19559.0 2
65 82 211859.0 4.3945847 9164 50528.0 3
56 75 186627.0 4.1152706 1165 70160.0 4
167 336 566085.0 4.877479 4727 68916.0 5
497 730 637820.0 3.21578 1994 124111.0 6
284 4488 880074.0 4.3245025 940 66786.0 7
241 422 624993.0 3.996713 0 70160.0 8
224 360 816251.0 4.334292 320 132797.0 9
254 553 1044836.0 3.8664458 1997 222023.0 10
899 4555 4125589.0 4.3292656 221 665769.0 11
4293 10550 13614412.0 4.191845 135 644219.0 12
778 1826 2544454.0 4.305808 765 358244.0 13
479 1326 1317659.0 4.333771 149 81949.0 14
361 897 3846195.0 4.0305424 0 900152.0 15
347 576 1119084.0 4.0011005 877 124296.0 16
261 372 1302720.0 4.577661 268 661651.0 17
284 610 1502936.0 4.2020416 80 358253.0 18
278 1081 906197.0 3.9299927 1298 281782.0 19
247 418 991888.0 4.2646017 156 358244.0 20
173 312 413622.0 4.00421 432 21062.0 21
160 255 219418.0 3.7813125 0 20479.0 22
134 164 153314.0 3.821038 12415 19559.0 23
54 86 167869.0 4.085481 10 57446.0 0
55 70 135208.0 4.0904155 24 19559.0 1
47 79 435404.0 3.2970653 190 280932.0 2
60 90 134138.0 3.8410056 30 23481.0 3
64 139 196930.0 4.134866 3808 24580.0 4
118 211 308907.0 4.1344676 925 132797.0 5
182 391 808344.0 4.0879025 1892 67093.0 6
219 322 951926.0 3.813123 1102 216069.0 7
333 581 1295376.0 3.7830348 368 119903.0 8
284 564 985037.0 4.3202496 1431 95074.0 9
293 644 1366956.0 4.198932 350 358244.0 10
454 1554 3828274.0 3.8820045 156 1265345.0 11
320 548 12505489.0 3.9579682 72 5638999.0 12
266 451 650312.0 3.7559485 156 147788.0 13
295 643 1183834.0 3.397755 463 358244.0 14
263 510 1024213.0 4.6644554 1300 358244.0 15
272 612 10486430.0 4.240306 838 9602687.0 16
346 691 923392.0 4.3211675 1008 71843.0 17
292 589 1700914.0 4.197074 970 358244.0 18
204 357 1364518.0 3.9351516 153 358251.0 19
233 303 549671.0 3.6162758 452 140149.0 20
141 205 406093.0 4.1371374 476 48521.0 21
163 203 645209.0 4.144355 0 225680.0 22
106 131 211381.0 4.1749587 36472 76098.0 23
47 54 131188.0 4.2349496 153 50104.0 0
49 73 103027.0 4.1337523 2501 19559.0 1
63 94 210430.0 7.4084935 15699 76934.0 2
99 147 414209.0 4.059418 1964 94556.0 3
107 291 347466.0 4.023096 51 50086.0 4
187 385 2048281.0 7.5157814 2000 644219.0 5
261 385 541007.0 4.3211675 2695 48520.0 6
299 765 3159714.0 7.573308 626 1121543.0 7
542 1140 3209540.0 4.1736197 0 358247.0 8
372 851 1361905.0 6.9421315 1412 370746.0 9
392 3710 2020732.0 4.230562 140 182258.0 10
327 648 1385329.0 4.179857 995 358247.0 11
203 915 2040012.0 4.3464127 113 665839.0 12
375 1075 1603943.0 4.1325912 467 165508.0 13
581 1686 6984262.0 3.7694721 149 3051065.0 14
401 812 15888358.0 4.1398697 258 5639309.0 15
349 708 1288290.0 4.34645 1853 72434.0 16
994 2898 11562784.0 3.5733619 3849 5303000.0 17
502 1739 2934592.0 3.9585195 128 519202.0 18
459 1617 4348727.0 8.218878 185 2577606.0 19
394 887 4581835.0 4.8689513 666 3051120.0 20
321 1305 2317884.0 4.2860723 59 665769.0 21
178 305 246633.0 7.508891 1665 21978.0 22
197 325 447755.0 4.1431665 0 66786.0 23
70 87 194759.0 3.7855663 140 50104.0 0
67 81 89636.0 4.3222866 658 19560.0 1
78 104 143920.0 3.9566374 156 29810.0 2
142 221 407549.0 3.666189 156 134212.0 3
258 403 704839.0 3.8433137 130 65168.0 4
224 442 677040.0 4.7783 493 99332.0 5
284 525 1343038.0 4.214971 1300 167242.0 6
352 604 1591441.0 4.088629 154 167242.0 7
402 696 1367709.0 3.9077551 1697 100570.0 8
789 1440 5657552.0 3.2444582 985 2389208.0 9
671 1504 3897377.0 3.5899243 628 665769.0 10
464 892 1798406.0 3.8613217 6404 130644.0 11
371 787 2570258.0 3.5665896 20493 358247.0 12
391 734 1965682.0 4.086112 168 358247.0 13
401 750 2341827.0 4.7026563 537 900457.0 14
356 2621 12821433.0 4.034439 0 5639588.0 15
288 810 1805358.0 4.012155 108 801582.0 16
304 649 1639507.0 3.253947 1995 358256.0 17
453 817 1425041.0 7.483623 396 72434.0 18
289 569 1930403.0 4.069325 302 743026.0 19
249 464 768588.0 3.7054482 438 74240.0 20
187 268 803638.0 3.959059 7245 358247.0 21
139 197 1058624.0 3.8239355 569 358247.0 22
109 121 400438.0 3.9454358 0 285651.0 23
76 97 172463.0 4.108939 148 25577.0 0
51 62 148659.0 4.8650303 2001 40962.0 1
59 77 104172.0 4.2209067 153 19559.0 2
76 91 202411.0 3.779424 156 36491.0 3
131 259 351297.0 7.313475 395 55934.0 4
87 112 666486.0 3.8652577 15613 285651.0 5
124 303 853655.0 4.1151595 830 156246.0 6
296 767 2699192.0 4.04027 693 358247.0 7
438 692 2502679.0 3.9470532 156 621720.0 8
362 721 2239541.0 4.720057 125 743026.0 9
409 1061 3096246.0 4.113906 5146 638922.0 10
320 578 1626147.0 7.20787 2017 285651.0 11
319 724 3304525.0 3.741047 281 358247.0 12
285 944 1356188.0 3.3328373 2000 130643.0 13
280 650 2530255.0 4.0584173 89 926343.0 14
440 879 7214287.0 4.001942 140 5639588.0 15
331 526 1370594.0 7.468386 229 133131.0 16
284 540 4132528.0 4.034439 89 3051098.0 17
229 337 977001.0 3.553086 92 100101.0 18
210 443 925366.0 3.927478 998 134888.0 19
48 72 322831.0 4.2317734 182 81017.0 20
10 21 135131.0 4.1379957 210 48525.0 21
3 11 270822.0 7.7903786 376 134888.0 22
7 25 78105.0 4.9991264 509 70087.0 23
43 46 26433.0 4.0289445 78 7603.0 0
29 36 21546.0 3.9388964 293 3427.0 1
51 64 100098.0 4.071802 21 9640.0 2
54 61 124938.0 7.3507624 1317 42091.0 3
59 80 319638.0 4.004697 78 197911.0 4
82 126 1757089.0 4.9945455 1292 1380226.0 5
104 254 1103149.0 7.432901 38 634450.0 6
144 395 666353.0 3.8848004 2075 70634.0 7
156 285 980068.0 4.201612 182 359354.0 8
150 240 556155.0 4.2283726 0 171426.0 9
181 232 700219.0 3.9396555 133 130640.0 10
115 481 1192859.0 7.327443 3859 744242.0 11
70 125 5908332.0 3.851935 97 5638999.0 12
79 128 627331.0 4.0542097 1234 101787.0 13
103 127 275112.0 3.7591908 111 94875.0 14
128 204 896583.0 3.857082 375 519941.0 15
226 294 699034.0 3.8550143 377 339879.0 16
153 193 267824.0 3.7328837 170 75901.0 17
99 220 216595.0 4.0248203 681 70634.0 18
151 188 616726.0 3.839002 389 121204.0 19
73 123 616402.0 4.7063513 657 359495.0 20
27 67 179264.0 4.114515 78 69258.0 21
72 84 118858.0 4.305049 1398 12503.0 22
60 69 57240.0 4.80889 366 8845.0 23
56 59 38144.0 3.5791845 2583 10939.0 0
93 97 69773.0 4.184668 569 7635.0 1
42 55 87850.0 4.0290885 78 35834.0 2
97 171 253617.0 4.2239704 126 70634.0 3
70 83 171649.0 3.9980662 198 36191.0 4
21 153 271195.0 3.4896991 2583 153535.0 5
57 107 254640.0 3.5794146 2583 68666.0 6
230 379 1894984.0 3.9907067 456 339879.0 7
235 361 679209.0 4.173762 148 120431.0 8
186 322 660352.0 4.179309 671 180706.0 9
223 667 1102184.0 3.7171862 1029 326634.0 10
435 1801 1265956.0 4.2982845 191 208892.0 11
258 400 1119502.0 7.268973 229 197915.0 12
239 698 8207811.0 4.470284 1994 5638999.0 13
274 521 2130251.0 6.5090594 235 677537.0 14
133 228 1999953.0 4.1575794 100 1263319.0 15
57 81 246244.0 3.9620116 166 122953.0 16
30 52 22113.0 5.0203156 71 6306.0 17
35 100 171338.0 4.0026994 125 55626.0 18
20 40 84101.0 4.020069 841 57138.0 19
41 72 213182.0 3.902963 130 93419.0 20
30 39 61709.0 4.0765977 408 15006.0 21
24 27 180510.0 4.0770845 98 140135.0 22
11 14 4614.0 3.9563298 51 2649.0 23
15 44 43865.0 4.181049 165 30897.0 0
15 17 19633.0 4.179309 258 7603.0 1
9 9 10836.0 3.9780893 78 2097.0 2
21 3720 69822.0 7.302917 1392 47892.0 3
22 30 127083.0 7.0904026 74 104997.0 4
30 72 152764.0 7.416321 1392 43317.0 5
41 55 75373.0 4.078289 116 18921.0 6
62 199 628994.0 3.9112039 1442 501429.0 7
56 249 2913694.0 3.8319647 62 2697285.0 8
55 125 190282.0 7.3691535 753 67669.0 9
69 273 262346.0 3.922422 7279 130640.0 10
64 151 1629608.0 3.9072776 147 744250.0 11
78 125 1504256.0 4.9536443 26 1263319.0 12
62 174 5831366.0 4.180236 465 5638999.0 13
99 518 318201.0 3.8870993 3127 69531.0 14
77 591 444252.0 4.6137433 118 318236.0 15
221 493 1019134.0 4.4162064 411 163485.0 16
223 416 1219833.0 7.5425897 325 179741.0 17
225 448 749172.0 7.4137535 1636 148630.0 18
100 261 824364.0 4.1983128 374 372919.0 19
220 644 572146.0 3.9475772 0 328882.0 20
208 353 548923.0 3.786083 541 163485.0 21
165 278 504158.0 4.10741 78 103834.0 22
133 176 471751.0 7.0787334 531 113104.0 23
107 125 150005.0 4.22408 0 29417.0 0
109 156 247835.0 4.109158 1362 66881.0 1
135 191 325800.0 3.5479631 1454 48337.0 2
141 181 375114.0 3.6237075 256 190537.0 3
263 461 669508.0 4.1139426 240 203966.0 4
483 1729 1919204.0 4.112967 608 302739.0 5
694 6337 1973133.0 4.169104 3434 287671.0 6
921 2423 2491268.0 4.0205393 12 576961.0 7
515 5492 3815486.0 4.0453835 517 623101.0 8
916 3181 6366242.0 7.1506214 804 539370.0 9
11655 16448 16493665.0 4.0022454 161 958611.0 10
52316 63479 34111340.0 3.9957764 256 1011583.0 11
45085 53062 28219166.0 3.8820927 220 1020508.0 12
34256 44057 32164820.0 3.9334273 576 1737555.0 13
30339 38388 33112271.0 3.8977666 1911 1460756.0 14
38077 52007 96485236.0 4.022677 223 6773228.0 15
31182 46211 86550913.0 4.223982 438 3077011.0 16
12232 19493 55303423.0 4.1560893 1587 5299183.0 17
17492 28434 86393499.0 4.3202496 1352 6053546.0 18
37864 77535 84903179.0 4.2349496 1145 1604537.0 19
3377 12237 19594232.0 4.3353233 218 1629223.0 20
1364 4193 8919690.0 4.196863 602 705193.0 21
1880 6144 7247058.0 4.1548624 562 667641.0 22
968 1557 5195285.0 4.3522296 1000 1308344.0 23
648 975 2206910.0 4.357413 10 359567.0 0
543 807 4333216.0 3.9216275 563 1241006.0 1
535 871 3954991.0 4.352662 185 1124287.0 2
652 1469 10781273.0 3.8133132 55 2568401.0 3
818 1626 4491515.0 3.719045 1997 960842.0 4
1068 2401 16623306.0 4.243056 52 8998551.0 5
1073 2370 11042359.0 3.8043356 180 1789145.0 6
1263 2659 8499000.0 4.0093374 169 885903.0 7
926 2339 5752672.0 4.157195 535 1269455.0 8
1118 2481 10384362.0 4.0425453 392 625386.0 9
1065 2461 5649114.0 3.8469677 2764 572657.0 10
419 619 4379103.0 3.6044807 573 3046491.0 11
393 855 1025629.0 7.0392966 207 93541.0 12
348 631 843749.0 3.8336196 627 168071.0 13
482 1129 1441662.0 3.8316677 522 216015.0 14
292 556 4018437.0 3.877945 579 3046491.0 15
279 758 1789867.0 3.9909475 2001 422491.0 16
228 302 276961.0 4.1643267 670 35382.0 17
222 309 3655178.0 7.5268188 2001 3046491.0 18
156 178 264634.0 3.0322046 833 40985.0 19
153 199 269280.0 4.083829 119 38992.0 20
114 165 670587.0 4.1806226 1993 421101.0 21
105 197 255830.0 4.2581306 10174 24989.0 22
75 97 496909.0 4.1405873 8 306651.0 23
49 57 489215.0 3.8017201 292 421101.0 0
59 65 190676.0 4.1802554 1972 67206.0 1
56 63 71024.0 3.934593 114 3523.0 2
66 88 617702.0 3.1168966 9 421102.0 3
69 90 156297.0 4.1117716 133 26315.0 4
85 146 270792.0 4.0461445 2287 67206.0 5
94 713 744252.0 4.0816402 29 421102.0 6
117 215 274983.0 3.9026015 264 62286.0 7
129 187 1140203.0 3.5304222 1803 354127.0 8
572 650 597467.0 4.2768254 1195 45843.0 9
182 308 598093.0 7.153025 1392 98228.0 10
113 165 1052653.0 3.870761 566 442777.0 11
147 229 1055357.0 3.904327 1049 421102.0 12
84 128 608062.0 3.9342332 2447 166487.0 13
81 105 123110.0 3.762241 106 12757.0 14
92 121 542016.0 4.0498304 886 310420.0 15
90 115 238151.0 3.964821 113 62602.0 16
84 125 134110.0 3.9314013 87 27613.0 17
74 131 699109.0 4.0203104 1970 354127.0 18
44 102 62470.0 7.2687125 381 19038.0 19
70 78 66298.0 4.169077 484 13120.0 20
80 86 512908.0 4.174764 323 421102.0 21
56 58 60900.0 4.1777906 39 7511.0 22
31 31 40684.0 3.9298308 1351 7511.0 23
24 26 31347.0 4.056085 9 7511.0 0
22 23 35632.0 7.3835387 1392 7511.0 1
25 28 44592.0 7.4795604 1392 7511.0 2
46 50 71440.0 4.019488 387 14546.0 3
29 76 34842.0 4.184327 901 7511.0 4
54 72 128512.0 4.142426 565 43330.0 5
83 143 288838.0 4.1579947 2671 93012.0 6
114 256 380010.0 7.1758313 3111 74721.0 7
146 201 358511.0 4.0033617 550 40147.0 8
172 256 621216.0 3.958126 2111 195242.0 9
141 214 447313.0 7.53188 442 91382.0 10
135 188 1027553.0 4.2794557 557 611832.0 11
75 106 260620.0 3.6428986 0 53651.0 12
93 115 169555.0 4.0279264 379 29670.0 13
87 181 218625.0 7.068187 467 55969.0 14
100 137 210733.0 3.934593 3156 43330.0 15
62 265 9781699.0 4.7463794 467 9677129.0 16
46 64 217109.0 4.14079 915 75471.0 17
67 77 140279.0 4.2692676 1073 46117.0 18
64 92 83119.0 4.6114154 88 13980.0 19
49 58 58494.0 3.9236088 49 13120.0 20
55 121 3115403.0 3.652058 1813 3046510.0 21
37 43 79437.0 5.0251036 236 18823.0 22
26 37 1249029.0 3.88077 1114 1231800.0 23
17 24 25624.0 3.992363 1381 13120.0 0
12 15 58829.0 4.0015326 78 49323.0 1
19 21 41821.0 4.1425624 2881 13120.0 2
18 21 22010.0 3.8647819 1112 10632.0 3
22 25 19581.0 4.796353 136 3128.0 4
35 88 141570.0 3.2070153 289 44062.0 5
48 54 143159.0 4.028607 78 44139.0 6
46 58 475178.0 3.9623895 167 354127.0 7
54 82 270185.0 7.0339394 74 98228.0 8
61 88 190731.0 3.813826 745 54983.0 9
49 60 118513.0 4.0563946 912 62286.0 10
47 118 68675.0 4.1787457 1246 15307.0 11
39 75 173942.0 4.05804 16 72015.0 12
55 66 136284.0 3.984929 78 23013.0 13
57 73 171129.0 3.7902477 523 48238.0 14
59 80 459780.0 3.9865677 827 354127.0 15
45 56 134456.0 3.9591978 204 54614.0 16
48 63 167471.0 7.0339394 74 68788.0 17
71 87 101517.0 3.7936232 918 20187.0 18
30 56 368386.0 7.233171 1392 188618.0 19
44 56 58960.0 3.704521 397 19566.0 20
56 63 124657.0 4.18654 218 42389.0 21
34 38 59910.0 3.0956032 1965 7511.0 22
10 10 11375.0 4.0015326 78 4488.0 23
14 14 73628.0 3.946577 78 35537.0 0
18 23 76948.0 3.7968009 78 35537.0 1
25 27 50598.0 3.7659817 116 13120.0 2
20 21 12958.0 3.8107252 3 4513.0 3
28 36 85363.0 4.0809464 91 20187.0 4
18 24 94417.0 4.9418635 468 44062.0 5
71 97 908560.0 3.9958038 78 855174.0 6
60 77 490917.0 4.180289 201 284931.0 7
87 124 1056811.0 3.581421 1381 855174.0 8
78 122 162302.0 4.3335643 1414 23013.0 9
78 102 150376.0 3.8781662 1223 48571.0 10
59 104 187780.0 3.666067 31 43379.0 11
54 61 147466.0 3.8754826 817 35453.0 12
69 102 201102.0 3.984929 156 71792.0 13
68 184 104611.0 4.0772605 274 20326.0 14
59 115 206629.0 7.2189016 1392 49323.0 15
50 61 147961.0 3.6436284 696 54983.0 16
50 77 176935.0 3.8578238 1980 41883.0 17
129 146 123634.0 3.6410687 116 16253.0 18
70 98 173089.0 3.8997633 78 39352.0 19
74 81 63239.0 3.7217252 50 39517.0 20
84 88 48166.0 3.9591978 2110 4718.0 21
30 33 32710.0 4.2713623 1716 3128.0 22
23 30 36467.0 3.8986309 78 3620.0 23
4 7 2985.0 4.1422424 35 1574.0 0
1 1 151.0 3.9551823 38 151.0 1
2 2 2194.0 4.027925 28 2191.0 2
2 3 68750.0 4.0297 157 68723.0 3
2 2 362.0 4.196351 44 342.0 4
9 9 6221.0 3.8630066 29 4138.0 5
4 4 1225.0 4.002784 410 1029.0 6
6 7 6195.0 3.5107183 42 5477.0 7
8 11 12475.0 3.9478009 1039 5477.0 8
2 2 1650.0 4.201572 221 1156.0 9
3 5 49663.0 3.84372 29 46914.0 10
0 0 0 0 0 0 11
0 0 0 0 0 0 12
0 0 0 0 0 0 13
0 0 0 0 0 0 14
