286 405 961800.0 3.8877594 253 118210.0 12
192 248 458401.0 7.299077 6661 40958.0 13
252 300 1435148.0 3.620428 1734 144250.0 14
203 272 491899.0 3.949089 0 144250.0 15
111 152 315292.0 4.198823 1733 74874.0 16
231 263 943446.0 4.185268 661 320334.0 17
209 232 444124.0 4.3014116 383 52484.0 18
110 129 179167.0 7.4661937 2001 26697.0 19
128 152 165904.0 4.76906 17 18015.0 20
73 84 115545.0 4.040316 833 22512.0 21
103 115 106226.0 3.9448197 22 7277.0 22
89 98 159263.0 4.001302 2140 10658.0 23
52 60 55809.0 4.7589755 274 17117.0 0
57 72 106002.0 3.6258125 3 32983.0 1
42 54 76079.0 3.6492362 74 32983.0 2
82 224 202562.0 7.401946 224 12322.0 3
145 160 1038409.0 4.1966014 695 144250.0 4
43 53 107020.0 3.8265476 1974 67426.0 5
94 200 191445.0 4.394355 807 24906.0 6
92 120 413893.0 3.9297447 1 167186.0 7
163 193 622355.0 4.172978 120 136210.0 8
163 208 687643.0 3.9503086 7400 118209.0 9
132 190 393109.0 4.1815214 50 68023.0 10
150 182 345113.0 3.717457 1840 45939.0 11
268 325 671435.0 4.3609633 2001 118210.0 12
187 210 437479.0 3.79761 383 92114.0 13
219 303 540760.0 3.9462645 0 97141.0 14
205 310 1051912.0 3.3424282 31 320334.0 15
125 212 205997.0 4.4047384 1690 36489.0 16
221 275 791394.0 4.1589127 9 320334.0 17
212 264 745691.0 4.3385878 711 320334.0 18
130 168 186393.0 3.994286 640 36489.0 19
176 767 777803.0 3.9496827 0 177434.0 20
125 166 256941.0 3.8978443 956 70151.0 21
158 230 401192.0 4.382742 617 152081.0 22
106 139 166116.0 3.2455287 68 12322.0 23
79 94 91849.0 4.3403687 1 20788.0 0
134 151 152893.0 3.8395278 865 16943.0 1
66 83 89549.0 3.9376352 173 24906.0 2
6 8 9206.0 4.3299046 537 6578.0 3
131 393 360966.0 4.3801327 589 194186.0 4
234 347 2948195.0 7.205879 2001 2558472.0 5
321 468 1323199.0 4.264124 533 582890.0 6
413 544 1076883.0 4.0565524 307 267665.0 7
570 733 1134740.0 3.9038577 442 118209.0 8
626 972 2565401.0 4.0908165 150 582890.0 9
479 687 1932412.0 4.204073 218 664336.0 10
1249 2333 9506027.0 7.5296674 2836 4721206.0 11
2143 3034 5278312.0 3.8562212 21 665769.0 12
1670 2367 4097440.0 7.197668 469 267675.0 13
1439 2377 3569708.0 4.1812153 21 368903.0 14
5621 9606 20626934.0 3.4149444 662 4721903.0 15
1986 2645 6648347.0 7.5045795 878 2558500.0 16
1270 1887 8857761.0 3.87824 40 4721903.0 17
2083 3153 5250649.0 7.476961 109 651922.0 18
1355 2268 4047808.0 4.2358565 186 461834.0 19
484 772 1528878.0 4.0076113 30 320330.0 20
357 441 665138.0 3.1420372 13 99611.0 21
300 492 509830.0 4.0184155 1738 46214.0 22
263 369 378799.0 4.1447296 444 52491.0 23
158 206 606323.0 3.9313834 1346 237275.0 0
160 225 463764.0 7.5810986 1395 285665.0 1
165 216 538532.0 7.6086984 4075 308512.0 2
164 214 433757.0 7.471535 536 52491.0 3
224 311 458129.0 3.9555967 469 39513.0 4
206 288 852057.0 7.548711 12226 118208.0 5
288 694 1454059.0 7.6786094 674 508706.0 6
520 775 3234299.0 3.955911 505 1121827.0 7
381 890 2762292.0 7.3686604 1151 1170920.0 8
391 615 1498070.0 7.626335 1374 320335.0 9
262 357 609398.0 3.8983347 290 87854.0 10
335 471 706296.0 3.9042194 1147 118383.0 11
306 781 1138068.0 4.3266907 499 320335.0 12
348 431 883946.0 4.168496 1974 118209.0 13
210 287 807569.0 3.7438672 20 118209.0 14
264 341 1231187.0 7.009503 1862 661627.0 15
144 323 431400.0 4.0629315 1338 72434.0 16
169 228 834078.0 4.571018 529 320329.0 17
342 400 1048103.0 4.0096087 383 699246.0 18
191 241 209195.0 3.774743 831 20233.0 19
153 193 219568.0 3.6751187 59 20233.0 20
132 142 184326.0 4.172529 2369 24904.0 21
107 123 138305.0 4.166102 107 10073.0 22
113 131 1413853.0 3.932016 431 1300901.0 23
115 132 155368.0 3.8303015 1733 17186.0 0
79 87 141469.0 4.505159 951 13568.0 1
95 111 232772.0 3.9549935 328 80638.0 2
91 113 103210.0 3.3235877 4964 7604.0 3
102 132 318610.0 4.0693393 1720 48521.0 4
85 107 220929.0 3.8502493 329 27122.0 5
106 152 444980.0 7.7034025 4473 180096.0 6
167 205 1616011.0 3.8250186 580 1237838.0 7
192 262 1415876.0 3.966671 39 1121543.0 8
231 642 1423169.0 3.082271 372 995728.0 9
128 162 141013.0 4.1407948 1982 7604.0 10
177 214 422906.0 7.349444 1678 92126.0 11
7 20 62654.0 4.0478625 35 50103.0 12
16 30 75858.0 4.5927057 326 27122.0 13
182 205 263930.0 4.214842 224 14008.0 14
187 199 263741.0 3.627595 78 13557.0 15
159 173 238017.0 4.03203 0 62523.0 16
189 235 320559.0 3.9435124 40 68673.0 17
202 672 350104.0 4.3058357 1250 72434.0 18
143 257 414321.0 7.028044 394 120486.0 19
624 5041 1926409.0 3.9351945 0 354703.0 20
594 893 625516.0 3.825947 156 56124.0 21
255 308 709271.0 4.156199 50 320335.0 22
180 274 486294.0 3.912056 21 285649.0 23
107 137 206247.0 3.8766384 2138 52491.0 0
94 117 241027.0 4.139299 442 51701.0 1
87 115 940911.0 4.3299046 1998 827273.0 2
219 329 340981.0 7.176722 1991 30987.0 3
219 329 342170.0 3.960029 201 50314.0 4
151 192 491349.0 4.060926 78 115633.0 5
193 369 821204.0 3.9062583 178 523228.0 6
205 381 705583.0 4.074796 629 174085.0 7
202 239 661417.0 4.334292 342 118209.0 8
174 235 548073.0 4.129467 513 127775.0 9
188 392 845066.0 4.031621 1839 474400.0 10
168 288 766810.0 3.9844913 41 294752.0 11
176 626 790056.0 3.854122 7 77979.0 12
173 270 684499.0 4.095983 108 268497.0 13
203 257 381565.0 4.0511007 1994 42683.0 14
236 354 659445.0 3.7806938 78 267682.0 15
234 323 274466.0 4.0036755 355 23690.0 16
317 501 550245.0 4.717102 1534 78926.0 17
196 305 506689.0 4.326903 799 142126.0 18
253 326 437560.0 4.1391187 190 195925.0 19
254 314 787048.0 3.8240159 100 320329.0 20
407 432 274101.0 3.6671963 0 18015.0 21
130 147 873442.0 4.095718 153 320334.0 22
149 159 124241.0 3.8038769 981 25602.0 23
90 106 138463.0 4.406489 2000 46374.0 0
60 81 81092.0 3.8142347 149 11752.0 1
100 107 120820.0 4.257304 295 12223.0 2
67 74 71826.0 3.747995 149 7604.0 3
118 139 101191.0 3.375774 430 6338.0 4
70 109 206460.0 4.2249303 9088 118209.0 5
177 335 5467959.0 7.932758 1105 4900781.0 6
189 265 742352.0 7.25663 2313 314776.0 7
348 433 1014565.0 3.7031217 1151 348984.0 8
367 426 942857.0 3.9507785 676 320334.0 9
246 330 1712594.0 4.023033 21 954128.0 10
152 198 490474.0 4.3823824 1997 89667.0 11
132 160 190360.0 3.9574513 1997 28363.0 12
12 35 255591.0 4.1319304 1087 125798.0 13
16 74 202998.0 7.3811765 5302 165061.0 14
14 45 64224.0 4.1621056 57 19526.0 15
171 322 665775.0 3.751178 487 348042.0 16
516 613 516154.0 4.196623 463 28044.0 17
549 638 447794.0 4.151704 140 78354.0 18
234 380 355110.0 7.633861 2001 56124.0 19
241 272 370257.0 4.047205 1739 74874.0 20
203 278 344643.0 4.124149 1183 36491.0 21
171 214 325260.0 3.7781472 2024 52491.0 22
108 123 163911.0 3.9494786 2024 44171.0 23
119 125 142559.0 3.841742 322 16396.0 0
82 93 100706.0 4.0422525 107 5312.0 1
85 108 219824.0 4.109746 546 40962.0 2
109 148 305828.0 7.5373693 10 78295.0 3
133 155 312512.0 7.639686 2 118209.0 4
198 234 357921.0 4.112848 744 52491.0 5
238 304 1161279.0 4.0506253 11 597904.0 6
568 643 393283.0 7.556029 48 23022.0 7
542 667 1301004.0 3.7199464 151 494280.0 8
322 461 485785.0 3.4939783 133 148813.0 9
390 517 1079815.0 4.1492553 237 120492.0 10
537 726 2333879.0 4.019302 1289 358244.0 11
611 740 1593210.0 4.174971 0 320334.0 12
391 1343 1336031.0 3.9796882 560 320334.0 13
312 501 1609937.0 4.122246 190 348084.0 14
158 281 5171381.0 4.221825 145 4721701.0 15
235 466 1254489.0 4.141081 0 253054.0 16
221 257 468186.0 4.047205 114 51701.0 17
221 296 2340811.0 4.048023 1921 1811744.0 18
191 214 296247.0 3.9836824 1988 44085.0 19
146 170 451881.0 3.9634767 383 148813.0 20
141 185 210148.0 6.8827863 1829 52490.0 21
116 195 168227.0 4.01893 442 15305.0 22
137 145 193611.0 4.3332014 19 32212.0 23
117 142 134269.0 3.8697488 1852 8785.0 0
89 100 253393.0 3.9311671 436 102598.0 1
108 125 116408.0 4.0196137 82 7604.0 2
128 159 162774.0 4.111207 383 32983.0 3
72 84 169287.0 7.165645 1829 70160.0 4
106 142 159902.0 4.877479 4727 52490.0 5
410 488 548184.0 4.197074 325 132797.0 6
137 167 410769.0 3.6578097 322 136305.0 7
222 399 4756983.0 4.3308163 1022 4218440.0 8
188 227 301100.0 4.1121826 78 96043.0 9
232 391 1615721.0 3.2302036 820 494280.0 10
282 355 404262.0 4.221825 1983 27238.0 11
670 1200 1443709.0 3.9551623 2001 131315.0 12
347 895 6065107.0 3.8515584 601 4721717.0 13
296 399 928348.0 4.2840867 246 320333.0 14
207 245 393394.0 4.0305424 0 57446.0 15
189 378 5228229.0 3.8629498 54 4721717.0 16
191 238 985012.0 3.8501148 2318 661651.0 17
191 290 457385.0 3.7219763 1 163543.0 18
153 200 243751.0 3.9299927 1298 39513.0 19
169 216 222477.0 3.8950176 2013 52485.0 20
149 170 262727.0 7.1337614 1829 50855.0 21
117 132 176533.0 4.2261662 1461 24903.0 22
125 131 221025.0 3.7983792 595 52486.0 23
86 105 203424.0 4.0087147 889 52485.0 0
64 68 97170.0 4.1132774 78 6267.0 1
85 100 102138.0 4.1499677 1 18350.0 2
83 92 93405.0 3.9075763 156 7786.0 3
95 118 235404.0 3.8051596 0 59951.0 4
85 108 120086.0 4.1344676 925 8997.0 5
178 238 451694.0 4.0666013 3292 68677.0 6
173 227 393224.0 3.813123 1102 70133.0 7
342 421 937834.0 6.7636013 48138 118208.0 8
201 234 422340.0 4.6911206 526 52486.0 9
241 364 504154.0 3.8957253 357 97026.0 10
295 470 501180.0 3.8281543 6812 52485.0 11
248 396 527470.0 3.0180027 1144 154838.0 12
284 449 513166.0 4.0564404 1239 24903.0 13
268 383 2849783.0 4.257892 154 1300995.0 14
254 323 3146980.0 3.9709702 2000 1300995.0 15
245 338 740437.0 3.7505648 40 267697.0 16
319 360 1049440.0 3.7285159 312 508706.0 17
273 337 623286.0 3.768342 33 163543.0 18
283 343 681976.0 4.121525 161 163543.0 19
270 325 704857.0 4.060828 0 162339.0 20
197 519 477078.0 4.020953 0 192540.0 21
179 185 450889.0 4.321139 33 225680.0 22
148 155 178950.0 4.1514115 2557 7604.0 23
157 180 259706.0 3.7759016 382 38203.0 0
147 178 280528.0 5.076043 235 52486.0 1
137 148 320542.0 7.3365526 565 76934.0 2
133 147 392041.0 7.760732 2 52485.0 3
119 135 354146.0 4.112551 382 78673.0 4
129 159 454692.0 4.0085173 0 285651.0 5
217 293 490690.0 2.9258947 108 78385.0 6
220 279 1208765.0 3.9528556 984 699246.0 7
277 330 754049.0 3.902999 22 121644.0 8
248 294 460056.0 4.320669 382 62641.0 9
246 329 725674.0 3.9593534 322 217551.0 10
330 445 849011.0 4.179857 995 207333.0 11
172 278 542664.0 7.4171576 2 84142.0 12
345 493 1535934.0 4.3222866 1337 494271.0 13
414 1142 1198412.0 4.0510387 692 132944.0 14
290 353 2303944.0 4.3933053 183 1300995.0 15
268 336 2334992.0 6.9253063 1548 945086.0 16
549 1077 2994498.0 5.0883756 357 494271.0 17
469 788 1418007.0 3.9585195 128 405207.0 18
318 379 900024.0 7.205822 1393 163543.0 19
252 323 286962.0 3.9205523 154 23836.0 20
209 232 395662.0 4.2860723 59 91025.0 21
176 223 457979.0 4.1557703 43 152887.0 22
140 161 518734.0 6.9942894 926 52487.0 23
112 130 159212.0 3.7285159 1940 12222.0 0
141 189 332088.0 7.16774 383 54395.0 1
126 140 223564.0 4.214828 382 27330.0 2
152 173 232296.0 4.9295497 356 19053.0 3
128 179 301707.0 4.744861 499 42639.0 4
160 190 245771.0 4.7783 493 24903.0 5
236 326 769537.0 4.1405973 1307 167242.0 6
315 409 1842820.0 3.9887161 0 494264.0 7
260 373 1207544.0 3.9081972 382 597876.0 8
366 2440 946305.0 4.0847545 3308 194586.0 9
305 407 1942415.0 3.882088 0 494271.0 10
416 606 921999.0 4.047654 1301 97141.0 11
394 643 1492192.0 3.8415527 1137 268405.0 12
300 434 906903.0 4.011489 314 217585.0 13
326 439 873075.0 3.3977346 1895 216257.0 14
313 2438 1441192.0 3.8496883 1992 494264.0 15
242 323 429405.0 3.6389632 1987 62641.0 16
219 743 10002146.0 3.7422116 30 9623777.0 17
265 352 479970.0 4.6548533 50 42332.0 18
224 279 451661.0 3.9083576 0 39756.0 19
204 234 232007.0 3.9160247 382 16396.0 20
207 244 360705.0 3.959059 7245 56139.0 21
190 204 296501.0 3.7761784 154 28344.0 22
148 161 491710.0 3.9454358 0 285651.0 23
111 129 206178.0 4.2086816 5206 39038.0 0
82 85 113696.0 4.2484007 2720 7604.0 1
84 93 152638.0 4.1551604 345 34633.0 2
102 117 169396.0 3.8301802 2013 31472.0 3
118 215 204228.0 3.8349915 382 54185.0 4
95 122 213740.0 4.2605658 851 54395.0 5
107 128 129558.0 4.2335815 2001 14669.0 6
172 484 2558151.0 3.743695 2013 995797.0 7
226 290 410062.0 3.7497418 172 34306.0 8
349 490 1277043.0 7.4363565 745 267711.0 9
283 400 680285.0 4.537808 1737 152929.0 10
292 373 733761.0 3.9237027 1844 267711.0 11
242 399 5407809.0 4.2358212 7242 3051078.0 12
257 1184 10228297.0 3.9580388 2115 9623882.0 13
319 647 10592489.0 3.9291928 64 9623882.0 14
390 447 560766.0 4.5024805 380 78673.0 15
348 584 10625375.0 7.2034154 10 9623882.0 16
300 419 3362828.0 4.209736 662 2743355.0 17
257 296 1382818.0 4.127784 164 423361.0 18
181 232 531782.0 7.450921 871 133131.0 19
52 56 172565.0 4.038711 188 97145.0 20
3 6 2978.0 6.965482 1115 2724.0 21
1 2 1046.0 7.1141934 2000 1046.0 22
5 6 8791.0 7.590877 1393 3345.0 23
437 483 2240529.0 4.1745906 49 424425.0 0
357 412 1450584.0 3.9976099 2013 359354.0 1
323 410 2126677.0 4.1745906 137 493019.0 2
349 425 1706118.0 3.9481602 117 584429.0 3
337 399 1498407.0 4.0614843 564 424427.0 4
453 597 1691086.0 4.2982845 83 359354.0 5
687 837 2829483.0 4.045173 1972 424427.0 6
867 1086 2580331.0 4.1376204 1753 133599.0 7
951 1199 5223705.0 4.087071 1911 1126546.0 8
900 1446 5132944.0 4.297655 1991 1500226.0 9
1063 1545 4596479.0 3.8602254 21 713633.0 10
739 986 2705927.0 7.9557676 256 152275.0 11
640 878 6222792.0 4.2099533 274 1690320.0 12
572 750 3394584.0 7.473539 38 1019493.0 13
645 1034 3727452.0 4.241579 451 565612.0 14
566 792 3054195.0 4.1468945 73 461944.0 15
888 1465 13055686.0 4.3053684 111 3061437.0 16
758 1382 13810244.0 4.088974 436 9617655.0 17
500 775 4613862.0 4.309393 763 1380226.0 18
867 1100 4519279.0 4.3186374 889 723612.0 19
387 473 787219.0 4.259585 888 62424.0 20
159 221 862059.0 3.9086788 342 424429.0 21
560 1015 3018891.0 7.5831776 1667 1202257.0 22
479 530 1198888.0 3.8866768 2310 320330.0 23
493 528 1727978.0 4.305753 1733 424429.0 0
349 415 4260200.0 4.2982845 94 3320194.0 1
301 333 1120078.0 7.2140317 1828 424429.0 2
450 553 4681022.0 4.1463647 140 3320194.0 3
314 480 746792.0 4.757891 5 116781.0 4
64 196 243671.0 4.079062 46 78675.0 5
202 321 2276322.0 5.327038 561 1240712.0 6
812 1135 7159477.0 4.2988677 1120 1240712.0 7
1002 1346 3613275.0 4.267418 717 188552.0 8
696 1077 5330961.0 3.9990146 249 2282237.0 9
1425 2235 7794348.0 3.7513087 280 667496.0 10
1856 2637 6926794.0 4.386163 2128 930784.0 11
1595 2112 6881458.0 4.305049 8 448515.0 12
1052 1634 5169346.0 4.2422442 1019 1240712.0 13
995 1279 7105065.0 4.1158786 209 1019493.0 14
578 742 4539500.0 7.6158423 1485 917277.0 15
315 364 1473275.0 3.3787668 82 320330.0 16
80 135 981780.0 7.509444 339 375974.0 17
283 390 5044954.0 4.00954 156 2754501.0 18
145 174 1221026.0 4.022986 492 375974.0 19
172 218 3273607.0 3.8663456 0 2221506.0 20
160 174 1443989.0 3.9771063 58 959176.0 21
123 133 3069559.0 7.1035876 237 2754501.0 22
103 121 295676.0 3.9930468 2013 76833.0 23
71 72 136749.0 4.007184 1941 21780.0 0
86 91 657636.0 4.028486 490 121960.0 1
85 98 298881.0 7.5423646 1437 121960.0 2
88 89 124665.0 3.9725327 7242 7635.0 3
93 98 150198.0 7.0904026 74 7635.0 4
126 190 1146570.0 3.9803236 156 508568.0 5
168 262 827904.0 3.9261775 1941 179104.0 6
172 301 2074373.0 3.6711693 916 423415.0 7
190 369 1346849.0 5.099242 1393 561200.0 8
235 610 3562188.0 7.7020907 2465 2610613.0 9
236 313 1570456.0 4.1381955 1753 312938.0 10
212 485 7533040.0 3.9552066 0 6052617.0 11
290 396 1842838.0 3.8160257 47 232076.0 12
258 509 1599246.0 3.860071 5 386747.0 13
284 604 4709901.0 4.3075666 101 2610613.0 14
253 460 4717403.0 3.2734928 1624 2567328.0 15
964 2091 6205465.0 4.0001907 1610 912645.0 16
1613 2671 8740480.0 4.3186374 525 1380245.0 17
1934 3526 7130510.0 3.8989277 7279 424434.0 18
987 2495 10764688.0 4.1983128 374 4749700.0 19
1094 1735 8567459.0 3.480827 45 2754530.0 20
984 1219 4159627.0 3.2863467 2000 713641.0 21
816 1119 5617537.0 3.9303653 7279 902814.0 22
569 687 2017325.0 4.17443 0 713641.0 23
465 1230 2102523.0 4.3059134 1026 627498.0 0
491 931 1444911.0 4.1684093 7279 320330.0 1
564 881 3694869.0 3.9726942 33 959176.0 2
519 777 4475944.0 4.1751404 11 902814.0 3
576 1575 5484715.0 3.62288 40 2282264.0 4
847 1350 8648375.0 4.006061 22 2567356.0 5
1210 2482 10298648.0 3.885255 2677 2567356.0 6
1493 2393 10838326.0 4.2981467 1784 2282264.0 7
957 1459 4615684.0 4.8230357 154 450650.0 8
1554 2682 12808098.0 4.238645 166 2282264.0 9
891 1876 2483066.0 4.376307 399 598715.0 10
916 2493 3727573.0 4.3391404 100 1535971.0 11
1129 2547 5247079.0 3.7270212 1007 1301054.0 12
1188 3300 5708410.0 4.1920633 591 1911503.0 13
1994 4143 6687897.0 2.9856637 1997 1108076.0 14
9452 14383 45213086.0 4.041494 1196 2282972.0 15
7957 12185 32885445.0 4.2957563 338 2279256.0 16
8546 13671 39401493.0 7.469945 979 2282898.0 17
6726 9426 25411157.0 4.2940855 908 2281645.0 18
10899 18907 39665506.0 3.8289876 1849 4218440.0 19
540 895 3080593.0 4.3763204 71 1379852.0 20
255 419 1361198.0 3.9023046 354 256571.0 21
477 568 977582.0 3.6382918 113 285831.0 22
270 448 611291.0 3.9031332 2012 110349.0 23
210 249 3369210.0 3.8980944 2000 2973306.0 0
173 205 1816607.0 4.1864266 191 1241006.0 1
222 287 414385.0 3.8336346 443 71166.0 2
198 1047 3042121.0 4.076091 232 2568401.0 3
195 268 413156.0 4.187384 1999 40215.0 4
253 347 3210067.0 4.1735163 2496 2626434.0 5
272 396 1215863.0 4.023653 274 268806.0 6
264 727 1196688.0 4.216733 494 397261.0 7
214 329 873361.0 4.1429305 7432 365630.0 8
343 431 2195605.0 3.8937232 1217 625386.0 9
320 391 785414.0 6.627161 4758 62763.0 10
1088 1498 5050411.0 7.475944 1406 1231800.0 11
1561 2634 6324052.0 4.3337893 1797 702289.0 12
1295 1929 4065911.0 4.273679 1329 494835.0 13
1453 1957 9786618.0 4.025778 1959 3329932.0 14
1347 2040 19481610.0 4.10959 38 6014382.0 15
1111 3127 3956888.0 4.207728 293 494835.0 16
927 1711 4448907.0 3.8104856 2001 1037236.0 17
1075 1325 2561565.0 3.4182856 169 106486.0 18
766 976 2765547.0 3.8575177 774 363249.0 19
770 1082 6159857.0 4.2658415 792 3329932.0 20
688 1041 2138331.0 4.2749968 339 363249.0 21
637 804 1523176.0 7.568595 1497 91814.0 22
491 560 3974146.0 4.1425505 596 948920.0 23
388 419 2248884.0 3.5850313 76 1231800.0 0
392 448 2556321.0 4.054251 675 1354526.0 1
369 429 4342317.0 6.9311604 1990 3329937.0 2
445 614 1591699.0 3.9239707 0 578967.0 3
488 654 3837710.0 4.273679 857 2266874.0 4
614 914 4242881.0 4.154431 7322 2266874.0 5
738 941 5388441.0 4.2692676 134 2266874.0 6
832 1116 3534586.0 3.9026015 264 1110310.0 7
970 1274 7229257.0 4.0279264 40 2266874.0 8
1009 1280 4716180.0 4.2768254 1195 494835.0 9
1085 1373 5673216.0 4.2063146 154 2538424.0 10
962 1310 7260585.0 4.66604 1925 2538424.0 11
1079 1335 5526862.0 3.934593 349 2266890.0 12
921 1459 3197845.0 7.547261 2847 284931.0 13
728 1033 2116140.0 7.3835387 926 148718.0 14
1014 1525 3984285.0 3.9499974 342 300864.0 15
759 999 3321924.0 4.2801356 801 320335.0 16
690 875 4081751.0 3.8336992 215 1784318.0 17
493 590 1155839.0 3.9987035 100 121421.0 18
216 259 561664.0 3.89835 789 121421.0 19
506 647 990847.0 4.9631925 273 39098.0 20
501 595 1386946.0 3.8487434 2001 173006.0 21
415 468 1057625.0 7.128853 10 320335.0 22
243 273 2318447.0 3.8300598 342 1784318.0 23
319 345 492479.0 4.2743163 40 24868.0 0
198 216 482909.0 4.0587683 564 46322.0 1
247 297 516464.0 7.4795604 1392 24868.0 2
276 317 1101127.0 3.639583 1733 121993.0 3
341 388 925855.0 3.6483562 1733 121421.0 4
387 430 1379624.0 3.9958038 156 128233.0 5
483 548 1729194.0 3.4764557 9 381552.0 6
664 802 1550886.0 4.1432204 134 111866.0 7
824 1027 2486104.0 4.0033617 550 579336.0 8
1015 1343 3858837.0 7.2603703 1890 578967.0 9
709 884 2791116.0 4.001214 888 708801.0 10
787 964 2377081.0 7.888996 638 285833.0 11
572 1935 3679424.0 3.9402514 156 578967.0 12
727 916 4851428.0 4.0279264 379 2538458.0 13
703 1027 2710596.0 4.2738643 2001 320335.0 14
768 1084 2720087.0 4.2743163 771 578967.0 15
617 743 1961101.0 4.7463794 467 320335.0 16
457 549 1114355.0 4.6262407 503 159696.0 17
575 748 2130814.0 4.2692676 1686 494835.0 18
478 579 1516472.0 3.1969948 274 320335.0 19
493 671 1158454.0 3.959192 342 81396.0 20
465 522 895895.0 4.2331047 561 55969.0 21
436 482 1167855.0 3.1156406 530 284931.0 22
336 369 1012523.0 3.9185605 40 284931.0 23
275 339 4113162.0 3.9757345 1942 3273864.0 0
219 240 596683.0 3.8168383 20 51055.0 1
254 276 624931.0 3.8940346 62 51055.0 2
226 263 654381.0 3.9738257 382 155451.0 3
324 372 3401206.0 7.247773 379 2538458.0 4
432 522 1125146.0 4.2847824 9 121421.0 5
477 569 1060647.0 7.198298 1060 54111.0 6
538 651 2177037.0 4.2019987 2054 320335.0 7
639 829 1299775.0 7.0339394 74 148718.0 8
588 760 1732701.0 7.450485 384 121993.0 9
677 845 2804176.0 3.8086894 0 320335.0 10
687 1211 2654282.0 3.8396647 147 381552.0 11
639 786 2207651.0 4.05804 16 148718.0 12
746 918 2017063.0 4.2089324 43 135564.0 13
653 794 1676408.0 3.9090796 4781 159696.0 14
600 739 2279817.0 4.253723 1797 320335.0 15
593 696 1639255.0 4.6548147 43 284931.0 16
576 1169 1689076.0 4.207728 0 121421.0 17
581 684 2128991.0 4.050675 40 494835.0 18
352 396 1119814.0 3.337121 275 114845.0 19
407 478 822811.0 4.273679 1153 62279.0 20
458 634 1134606.0 4.2692676 1255 284931.0 21
350 404 663484.0 7.494194 2931 32103.0 22
158 174 1110527.0 3.8432224 382 723735.0 23
268 298 561998.0 7.2297773 1060 49315.0 0
288 311 693234.0 3.8529685 76 66893.0 1
286 307 582196.0 3.928192 1645 33354.0 2
278 306 707258.0 4.8586407 494 51055.0 3
347 398 799505.0 7.186133 501 68791.0 4
292 360 1176394.0 4.4015045 46784 121993.0 5
625 712 2260247.0 3.9242895 154 855174.0 6
653 919 2459016.0 4.240139 1359 320335.0 7
787 979 3008167.0 4.1802554 881 855174.0 8
773 1051 3207082.0 7.4693456 2001 494835.0 9
920 1108 1998145.0 4.2089324 94 55969.0 10
1094 1557 4101108.0 4.2847824 23 494835.0 11
1136 1650 3757672.0 3.6247137 412 320335.0 12
792 1034 4548202.0 3.9694147 792 2266890.0 13
902 1253 4756560.0 4.2848544 11 1377668.0 14
690 944 4164628.0 7.2189016 1392 882524.0 15
661 766 2085644.0 7.270281 2015 320335.0 16
658 867 2962317.0 3.8005545 1366 1377668.0 17
690 1142 1538272.0 4.145129 94 133816.0 18
600 708 2006570.0 4.274678 1059 285833.0 19
609 696 1028073.0 3.7837908 1400 53583.0 20
643 680 1075746.0 4.2766333 0 92234.0 21
382 425 810697.0 3.8281507 342 51055.0 22
278 299 656931.0 3.9236088 1076 51055.0 23
2 5 144.0 3.8961577 229 91.0 0
0 0 0 0 0 0 1
1 1 979.0 3.6830292 912 979.0 2
0 0 0 0 0 0 3
2 3 366.0 3.7375803 51 342.0 4
1 1 209.0 3.9439824 166 209.0 5
0 0 0 0 0 0 6
2 2 1394.0 3.8151388 1868 1057.0 7
3 4 5071.0 6.934986 1015 2383.0 8
0 0 0 0 0 0 9
5 5 2478.0 3.8630066 537 1589.0 10
0 0 0 0 0 0 11
0 0 0 0 0 0 12
0 0 0 0 0 0 13
0 0 0 0 0 0 14
