224 399 1726993.0 358231.0 12
211 520 1785510.0 358231.0 13
216 648 2117937.0 899588.0 14
230 574 1562546.0 358231.0 15
97 154 970858.0 358231.0 16
146 233 774946.0 65150.0 17
115 186 596926.0 111616.0 18
94 157 307131.0 19558.0 19
114 134 389918.0 98048.0 20
65 90 243546.0 22080.0 21
69 87 143530.0 22080.0 22
47 63 176033.0 19558.0 23
19 24 57518.0 19558.0 0
14 15 32465.0 19558.0 1
18 20 31711.0 22080.0 2
36 43 90988.0 19558.0 3
64 169 353527.0 68673.0 4
35 68 151245.0 35171.0 5
53 95 594067.0 375616.0 6
102 1385 715877.0 130643.0 7
128 785 697366.0 136210.0 8
186 291 1438890.0 358231.0 9
111 241 571145.0 68673.0 10
161 378 965104.0 136075.0 11
155 289 699093.0 48516.0 12
161 465 2668435.0 1265345.0 13
168 323 1226975.0 358231.0 14
181 370 515600.0 66786.0 15
126 299 1108594.0 483666.0 16
163 361 1544469.0 358231.0 17
199 326 543864.0 65150.0 18
116 383 1386220.0 358231.0 19
143 218 557878.0 177434.0 20
114 150 554446.0 70151.0 21
99 130 281626.0 50168.0 22
58 71 143377.0 50168.0 23
69 85 56664.0 15752.0 0
53 99 132630.0 19558.0 1
8 15 52466.0 50103.0 2
9 48 583492.0 570184.0 3
113 256 1933465.0 1300871.0 4
162 399 1915607.0 1300871.0 5
441 979 2400683.0 582901.0 6
577 1440 2486840.0 159534.0 7
671 1546 2548456.0 682039.0 8
841 1885 2440605.0 358238.0 9
584 1049 1675837.0 214293.0 10
1110 1931 4037800.0 354703.0 11
1042 1848 4571069.0 525962.0 12
863 1574 3530061.0 682039.0 13
1041 2180 5387593.0 582903.0 14
6097 12350 22378763.0 1667849.0 15
6606 13551 38178901.0 5859297.0 16
5039 10602 25278501.0 1265345.0 17
14607 30274 39598038.0 1459734.0 18
9358 18324 33725557.0 1689822.0 19
1510 3486 7817512.0 1481294.0 20
841 1476 8077981.0 3077025.0 21
657 1962 2894160.0 358239.0 22
450 986 1766956.0 358239.0 23
245 350 340127.0 48516.0 0
172 227 288279.0 20233.0 1
215 558 1754436.0 801486.0 2
236 463 2192837.0 717957.0 3
385 747 1700114.0 358244.0 4
425 736 2849044.0 644204.0 5
614 1787 2899079.0 358244.0 6
981 2291 6202923.0 1399175.0 7
923 4746 9341546.0 1170920.0 8
819 1846 8492106.0 3051036.0 9
498 1253 4097077.0 1763430.0 10
662 1838 4470649.0 1106200.0 11
557 1233 5756103.0 3077024.0 12
476 1088 1539766.0 134334.0 13
392 687 1894762.0 250202.0 14
435 1128 2621939.0 661627.0 15
215 1295 1377515.0 358242.0 16
294 956 1492802.0 331714.0 17
429 571 1766624.0 699246.0 18
276 555 953333.0 88933.0 19
201 432 1736464.0 1034112.0 20
177 490 1022103.0 358242.0 21
128 201 506845.0 154839.0 22
108 240 214590.0 23904.0 23
71 100 1932668.0 1763430.0 0
58 212 543051.0 308512.0 1
62 93 208950.0 24301.0 2
86 123 253334.0 69029.0 3
163 359 3136352.0 2587014.0 4
124 206 997384.0 358242.0 5
197 444 1179609.0 358242.0 6
276 510 2565738.0 1237838.0 7
328 750 2112158.0 857571.0 8
342 600 941803.0 65168.0 9
173 669 734085.0 358242.0 10
273 524 953715.0 99332.0 11
14 56 156847.0 50103.0 12
28 68 697324.0 358242.0 13
221 813 2846816.0 954128.0 14
239 463 2112636.0 857571.0 15
183 289 700488.0 130643.0 16
243 462 765763.0 65168.0 17
195 405 715104.0 105558.0 18
194 599 1113494.0 152848.0 19
2355 7282 6191620.0 354703.0 20
1424 2981 2924838.0 197485.0 21
496 1128 1283533.0 174568.0 22
287 519 1080313.0 285649.0 23
140 252 226070.0 50104.0 0
132 174 181233.0 51701.0 1
205 358 1263659.0 827273.0 2
408 2019 2676593.0 958611.0 3
664 1886 3235597.0 958611.0 4
517 878 2145952.0 358242.0 5
543 1448 3452000.0 958611.0 6
562 1278 3103216.0 581857.0 7
483 917 1559098.0 358242.0 8
478 816 1969920.0 236794.0 9
379 1056 7794851.0 6038883.0 10
417 877 2849691.0 660451.0 11
392 989 2292905.0 665769.0 12
350 726 1433845.0 268497.0 13
411 1102 11541003.0 4368218.0 14
512 992 2175605.0 535693.0 15
494 934 2043183.0 534342.0 16
596 1648 4492749.0 519202.0 17
381 873 4958424.0 3051046.0 18
382 894 1573615.0 427218.0 19
300 808 1231238.0 519202.0 20
179 317 620051.0 100089.0 21
140 230 263473.0 52010.0 22
150 185 1410422.0 1170916.0 23
67 125 284569.0 50104.0 0
43 99 91512.0 19559.0 1
63 147 289594.0 132797.0 2
83 152 384589.0 47033.0 3
163 404 1038616.0 475705.0 4
152 287 802134.0 147935.0 5
660 1472 11903329.0 4900781.0 6
523 1162 13819938.0 9602289.0 7
738 1317 2842612.0 665769.0 8
597 1341 3589593.0 519202.0 9
366 1963 2454711.0 954128.0 10
236 601 2183421.0 801486.0 11
252 589 4123760.0 1399175.0 12
84 265 16961292.0 4900779.0 13
67 606 5293154.0 3051046.0 14
36 2821 1063529.0 358244.0 15
320 1071 2301839.0 358305.0 16
601 1773 2159051.0 535692.0 17
742 1156 1148957.0 90060.0 18
442 1374 2190578.0 1009456.0 19
379 694 3796971.0 3051046.0 20
247 362 551119.0 60859.0 21
177 333 414212.0 45942.0 22
152 195 321204.0 62262.0 23
99 224 203567.0 23829.0 0
57 70 131197.0 29810.0 1
89 133 296485.0 40962.0 2
124 281 398428.0 78295.0 3
197 1525 1170577.0 665769.0 4
254 636 835579.0 104424.0 5
399 815 1368790.0 535692.0 6
465 1386 2400412.0 358244.0 7
517 1188 2753109.0 474400.0 8
320 1010 4768167.0 3051061.0 9
496 1311 3468887.0 801486.0 10
572 1407 4312106.0 534342.0 11
732 1382 3571045.0 581857.0 12
438 1779 1516377.0 130791.0 13
416 1045 6523015.0 3051061.0 14
248 730 1634713.0 519202.0 15
391 676 1288814.0 253054.0 16
310 718 1874031.0 519202.0 17
292 499 2603217.0 1811744.0 18
254 567 776686.0 197485.0 19
191 350 1230578.0 358244.0 20
151 210 495602.0 144824.0 21
123 150 191898.0 24222.0 22
102 120 136553.0 26265.0 23
59 80 213458.0 73078.0 0
49 60 105452.0 19559.0 1
52 62 85457.0 19559.0 2
65 82 211859.0 50528.0 3
56 75 186627.0 70160.0 4
167 336 566085.0 68916.0 5
497 730 637820.0 124111.0 6
284 4488 880074.0 66786.0 7
241 422 624993.0 70160.0 8
224 360 816251.0 132797.0 9
254 553 1044836.0 222023.0 10
899 4555 4125589.0 665769.0 11
4293 10550 13614412.0 644219.0 12
778 1826 2544454.0 358244.0 13
479 1326 1317659.0 81949.0 14
361 897 3846195.0 900152.0 15
347 576 1119084.0 124296.0 16
261 372 1302720.0 661651.0 17
284 610 1502936.0 358253.0 18
278 1081 906197.0 281782.0 19
247 418 991888.0 358244.0 20
173 312 413622.0 21062.0 21
160 255 219418.0 20479.0 22
134 164 153314.0 19559.0 23
54 86 167869.0 57446.0 0
55 70 135208.0 19559.0 1
47 79 435404.0 280932.0 2
60 90 134138.0 23481.0 3
64 139 196930.0 24580.0 4
118 211 308907.0 132797.0 5
182 391 808344.0 67093.0 6
219 322 951926.0 216069.0 7
333 581 1295376.0 119903.0 8
284 564 985037.0 95074.0 9
293 644 1366956.0 358244.0 10
454 1554 3828274.0 1265345.0 11
320 548 12505489.0 5638999.0 12
266 451 650312.0 147788.0 13
295 643 1183834.0 358244.0 14
263 510 1024213.0 358244.0 15
272 612 10486430.0 9602687.0 16
346 691 923392.0 71843.0 17
292 589 1700914.0 358244.0 18
204 357 1364518.0 358251.0 19
233 303 549671.0 140149.0 20
141 205 406093.0 48521.0 21
163 203 645209.0 225680.0 22
106 131 211381.0 76098.0 23
47 54 131188.0 50104.0 0
49 73 103027.0 19559.0 1
63 94 210430.0 76934.0 2
99 147 414209.0 94556.0 3
107 291 347466.0 50086.0 4
187 385 2048281.0 644219.0 5
261 385 541007.0 48520.0 6
299 765 3159714.0 1121543.0 7
542 1140 3209540.0 358247.0 8
372 851 1361905.0 370746.0 9
392 3710 2020732.0 182258.0 10
327 648 1385329.0 358247.0 11
203 915 2040012.0 665839.0 12
375 1075 1603943.0 165508.0 13
581 1686 6984262.0 3051065.0 14
401 812 15888358.0 5639309.0 15
349 708 1288290.0 72434.0 16
994 2898 11562784.0 5303000.0 17
502 1739 2934592.0 519202.0 18
459 1617 4348727.0 2577606.0 19
394 887 4581835.0 3051120.0 20
321 1305 2317884.0 665769.0 21
178 305 246633.0 21978.0 22
197 325 447755.0 66786.0 23
70 87 194759.0 50104.0 0
67 81 89636.0 19560.0 1
78 104 143920.0 29810.0 2
142 221 407549.0 134212.0 3
258 403 704839.0 65168.0 4
224 442 677040.0 99332.0 5
284 525 1343038.0 167242.0 6
352 604 1591441.0 167242.0 7
402 696 1367709.0 100570.0 8
789 1440 5657552.0 2389208.0 9
671 1504 3897377.0 665769.0 10
464 892 1798406.0 130644.0 11
371 787 2570258.0 358247.0 12
391 734 1965682.0 358247.0 13
401 750 2341827.0 900457.0 14
356 2621 12821433.0 5639588.0 15
288 810 1805358.0 801582.0 16
304 649 1639507.0 358256.0 17
453 817 1425041.0 72434.0 18
289 569 1930403.0 743026.0 19
249 464 768588.0 74240.0 20
187 268 803638.0 358247.0 21
139 197 1058624.0 358247.0 22
109 121 400438.0 285651.0 23
76 97 172463.0 25577.0 0
51 62 148659.0 40962.0 1
59 77 104172.0 19559.0 2
76 91 202411.0 36491.0 3
131 259 351297.0 55934.0 4
87 112 666486.0 285651.0 5
124 303 853655.0 156246.0 6
296 767 2699192.0 358247.0 7
438 692 2502679.0 621720.0 8
362 721 2239541.0 743026.0 9
409 1061 3096246.0 638922.0 10
320 578 1626147.0 285651.0 11
319 724 3304525.0 358247.0 12
285 944 1356188.0 130643.0 13
280 650 2530255.0 926343.0 14
440 879 7214287.0 5639588.0 15
331 526 1370594.0 133131.0 16
284 540 4132528.0 3051098.0 17
229 337 977001.0 100101.0 18
210 443 925366.0 134888.0 19
48 72 322831.0 81017.0 20
10 21 135131.0 48525.0 21
3 11 270822.0 134888.0 22
7 25 78105.0 70087.0 23
43 46 26433.0 7603.0 0
29 36 21546.0 3427.0 1
51 64 100098.0 9640.0 2
54 61 124938.0 42091.0 3
59 80 319638.0 197911.0 4
82 126 1757089.0 1380226.0 5
104 254 1103149.0 634450.0 6
144 395 666353.0 70634.0 7
156 285 980068.0 359354.0 8
150 240 556155.0 171426.0 9
181 232 700219.0 130640.0 10
115 481 1192859.0 744242.0 11
70 125 5908332.0 5638999.0 12
79 128 627331.0 101787.0 13
103 127 275112.0 94875.0 14
128 204 896583.0 519941.0 15
226 294 699034.0 339879.0 16
153 193 267824.0 75901.0 17
99 220 216595.0 70634.0 18
151 188 616726.0 121204.0 19
73 123 616402.0 359495.0 20
27 67 179264.0 69258.0 21
72 84 118858.0 12503.0 22
60 69 57240.0 8845.0 23
56 59 38144.0 10939.0 0
93 97 69773.0 7635.0 1
42 55 87850.0 35834.0 2
97 171 253617.0 70634.0 3
70 83 171649.0 36191.0 4
21 153 271195.0 153535.0 5
57 107 254640.0 68666.0 6
230 379 1894984.0 339879.0 7
235 361 679209.0 120431.0 8
186 322 660352.0 180706.0 9
223 667 1102184.0 326634.0 10
435 1801 1265956.0 208892.0 11
258 400 1119502.0 197915.0 12
239 698 8207811.0 5638999.0 13
274 521 2130251.0 677537.0 14
133 228 1999953.0 1263319.0 15
57 81 246244.0 122953.0 16
30 52 22113.0 6306.0 17
35 100 171338.0 55626.0 18
20 40 84101.0 57138.0 19
41 72 213182.0 93419.0 20
30 39 61709.0 15006.0 21
24 27 180510.0 140135.0 22
11 14 4614.0 2649.0 23
15 44 43865.0 30897.0 0
15 17 19633.0 7603.0 1
9 9 10836.0 2097.0 2
21 3720 69822.0 47892.0 3
22 30 127083.0 104997.0 4
30 72 152764.0 43317.0 5
41 55 75373.0 18921.0 6
62 199 628994.0 501429.0 7
56 249 2913694.0 2697285.0 8
55 125 190282.0 67669.0 9
69 273 262346.0 130640.0 10
64 151 1629608.0 744250.0 11
78 125 1504256.0 1263319.0 12
62 174 5831366.0 5638999.0 13
99 518 318201.0 69531.0 14
77 591 444252.0 318236.0 15
221 493 1019134.0 163485.0 16
223 416 1219833.0 179741.0 17
225 448 749172.0 148630.0 18
100 261 824364.0 372919.0 19
220 644 572146.0 328882.0 20
208 353 548923.0 163485.0 21
165 278 504158.0 103834.0 22
133 176 471751.0 113104.0 23
107 125 150005.0 29417.0 0
109 156 247835.0 66881.0 1
135 191 325800.0 48337.0 2
141 181 375114.0 190537.0 3
263 461 669508.0 203966.0 4
483 1729 1919204.0 302739.0 5
694 6337 1973133.0 287671.0 6
921 2423 2491268.0 576961.0 7
515 5492 3815486.0 623101.0 8
916 3181 6366242.0 539370.0 9
11655 16448 16493665.0 958611.0 10
52316 63479 34111340.0 1011583.0 11
45085 53062 28219166.0 1020508.0 12
34256 44057 32164820.0 1737555.0 13
30339 38388 33112271.0 1460756.0 14
38077 52007 96485236.0 6773228.0 15
31182 46211 86550913.0 3077011.0 16
12232 19493 55303423.0 5299183.0 17
17492 28434 86393499.0 6053546.0 18
37864 77535 84903179.0 1604537.0 19
3377 12237 19594232.0 1629223.0 20
1364 4193 8919690.0 705193.0 21
1880 6144 7247058.0 667641.0 22
968 1557 5195285.0 1308344.0 23
648 975 2206910.0 359567.0 0
543 807 4333216.0 1241006.0 1
535 871 3954991.0 1124287.0 2
652 1469 10781273.0 2568401.0 3
818 1626 4491515.0 960842.0 4
1068 2401 16623306.0 8998551.0 5
1073 2370 11042359.0 1789145.0 6
1263 2659 8499000.0 885903.0 7
926 2339 5752672.0 1269455.0 8
1118 2481 10384362.0 625386.0 9
1065 2461 5649114.0 572657.0 10
419 619 4379103.0 3046491.0 11
393 855 1025629.0 93541.0 12
348 631 843749.0 168071.0 13
482 1129 1441662.0 216015.0 14
292 556 4018437.0 3046491.0 15
279 758 1789867.0 422491.0 16
228 302 276961.0 35382.0 17
222 309 3655178.0 3046491.0 18
156 178 264634.0 40985.0 19
153 199 269280.0 38992.0 20
114 165 670587.0 421101.0 21
105 197 255830.0 24989.0 22
75 97 496909.0 306651.0 23
49 57 489215.0 421101.0 0
59 65 190676.0 67206.0 1
56 63 71024.0 3523.0 2
66 88 617702.0 421102.0 3
69 90 156297.0 26315.0 4
85 146 270792.0 67206.0 5
94 713 744252.0 421102.0 6
117 215 274983.0 62286.0 7
129 187 1140203.0 354127.0 8
572 650 597467.0 45843.0 9
182 308 598093.0 98228.0 10
113 165 1052653.0 442777.0 11
147 229 1055357.0 421102.0 12
84 128 608062.0 166487.0 13
81 105 123110.0 12757.0 14
92 121 542016.0 310420.0 15
90 115 238151.0 62602.0 16
84 125 134110.0 27613.0 17
74 131 699109.0 354127.0 18
44 102 62470.0 19038.0 19
70 78 66298.0 13120.0 20
80 86 512908.0 421102.0 21
56 58 60900.0 7511.0 22
31 31 40684.0 7511.0 23
24 26 31347.0 7511.0 0
22 23 35632.0 7511.0 1
25 28 44592.0 7511.0 2
46 50 71440.0 14546.0 3
29 76 34842.0 7511.0 4
54 72 128512.0 43330.0 5
83 143 288838.0 93012.0 6
114 256 380010.0 74721.0 7
146 201 358511.0 40147.0 8
172 256 621216.0 195242.0 9
141 214 447313.0 91382.0 10
135 188 1027553.0 611832.0 11
75 106 260620.0 53651.0 12
93 115 169555.0 29670.0 13
87 181 218625.0 55969.0 14
100 137 210733.0 43330.0 15
62 265 9781699.0 9677129.0 16
46 64 217109.0 75471.0 17
67 77 140279.0 46117.0 18
64 92 83119.0 13980.0 19
49 58 58494.0 13120.0 20
55 121 3115403.0 3046510.0 21
37 43 79437.0 18823.0 22
26 37 1249029.0 1231800.0 23
17 24 25624.0 13120.0 0
12 15 58829.0 49323.0 1
19 21 41821.0 13120.0 2
18 21 22010.0 10632.0 3
22 25 19581.0 3128.0 4
35 88 141570.0 44062.0 5
48 54 143159.0 44139.0 6
46 58 475178.0 354127.0 7
54 82 270185.0 98228.0 8
61 88 190731.0 54983.0 9
49 60 118513.0 62286.0 10
47 118 68675.0 15307.0 11
39 75 173942.0 72015.0 12
55 66 136284.0 23013.0 13
57 73 171129.0 48238.0 14
59 80 459780.0 354127.0 15
45 56 134456.0 54614.0 16
48 63 167471.0 68788.0 17
71 87 101517.0 20187.0 18
30 56 368386.0 188618.0 19
44 56 58960.0 19566.0 20
56 63 124657.0 42389.0 21
34 38 59910.0 7511.0 22
10 10 11375.0 4488.0 23
14 14 73628.0 35537.0 0
18 23 76948.0 35537.0 1
25 27 50598.0 13120.0 2
20 21 12958.0 4513.0 3
28 36 85363.0 20187.0 4
18 24 94417.0 44062.0 5
71 97 908560.0 855174.0 6
60 77 490917.0 284931.0 7
87 124 1056811.0 855174.0 8
78 122 162302.0 23013.0 9
78 102 150376.0 48571.0 10
59 104 187780.0 43379.0 11
54 61 147466.0 35453.0 12
69 102 201102.0 71792.0 13
68 184 104611.0 20326.0 14
59 115 206629.0 49323.0 15
50 61 147961.0 54983.0 16
50 77 176935.0 41883.0 17
129 146 123634.0 16253.0 18
70 98 173089.0 39352.0 19
74 81 63239.0 39517.0 20
84 88 48166.0 4718.0 21
30 33 32710.0 3128.0 22
23 30 36467.0 3620.0 23
4 7 2985.0 1574.0 0
1 1 151.0 151.0 1
2 2 2194.0 2191.0 2
2 3 68750.0 68723.0 3
2 2 362.0 342.0 4
9 9 6221.0 4138.0 5
4 4 1225.0 1029.0 6
6 7 6195.0 5477.0 7
8 11 12475.0 5477.0 8
2 2 1650.0 1156.0 9
3 5 49663.0 46914.0 10
0 0 0 0 11
0 0 0 0 12
0 0 0 0 13
0 0 0 0 14
