8 10 8539.0 2567.0 12
7 7 3360.0 1287.0 13
7 11 3519.0 1190.0 14
3 4 1485.0 946.0 15
5 7 6618.0 3811.0 16
13 25 11857.0 2008.0 17
6 8 9807.0 5567.0 18
6 9 1684.0 603.0 19
4 7 3129.0 1425.0 20
2 2 477.0 337.0 21
3 5 3937.0 2846.0 22
2 4 368.0 246.0 23
0 0 0 0 0
0 0 0 0 1
1 1 2498.0 2498.0 2
0 0 0 0 3
1 1 24.0 24.0 4
1 1 502.0 502.0 5
4 7 7721.0 3811.0 6
4 6 1236.0 541.0 7
9 22 24491.0 18803.0 8
7 12 10266.0 5833.0 9
8 13 12580.0 7294.0 10
7 7 5046.0 3811.0 11
5 5 2658.0 1425.0 12
6 6 4652.0 2530.0 13
10 17 9802.0 2846.0 14
9 12 12569.0 3811.0 15
10 22 10506.0 4681.0 16
7 12 6677.0 1762.0 17
10 10 3233.0 1105.0 18
8 11 2121.0 1014.0 19
12 16 2930.0 1016.0 20
17 67 129801.0 122243.0 21
8 12 8251.0 3204.0 22
9 9 3324.0 1194.0 23
5 6 1483.0 433.0 0
4 4 607.0 254.0 1
0 0 0 0 2
2 3 3928.0 3122.0 3
10 16 16000.0 8579.0 4
16 30 43658.0 36034.0 5
43 74 22406.0 4792.0 6
46 57 30246.0 7894.0 7
63 76 32787.0 4222.0 8
69 126 210364.0 159534.0 9
41 51 49613.0 18390.0 10
87 124 193894.0 92333.0 11
96 142 118171.0 22533.0 12
102 462 3140594.0 3077011.0 13
93 115 39364.0 7130.0 14
791 1112 916055.0 135852.0 15
703 905 1888561.0 1162547.0 16
367 468 383244.0 101889.0 17
868 1130 814112.0 101889.0 18
471 810 679221.0 134751.0 19
62 78 75307.0 22533.0 20
17 21 5129.0 1537.0 21
21 31 10050.0 2896.0 22
7 9 26880.0 24587.0 23
7 8 1361.0 1020.0 0
6 8 1450.0 762.0 1
13 17 6988.0 2514.0 2
9 9 3307.0 1696.0 3
10 13 8252.0 2352.0 4
8 13 8586.0 1425.0 5
12 15 16027.0 11837.0 6
13 17 11131.0 3571.0 7
16 18 14414.0 9060.0 8
22 22 12681.0 3237.0 9
9 13 5294.0 1357.0 10
12 12 5588.0 1472.0 11
5 5 1851.0 1472.0 12
8 9 582.0 160.0 13
9 9 2182.0 494.0 14
11 19 7511.0 4881.0 15
7 11 1340.0 1025.0 16
6 9 3483.0 1337.0 17
9 12 724.0 163.0 18
14 39 10246.0 3038.0 19
5 7 863.0 351.0 20
5 7 3184.0 1096.0 21
9 10 1248.0 414.0 22
2 3 536.0 480.0 23
0 0 0 0 0
5 5 612.0 294.0 1
1 1 210.0 210.0 2
1 1 30.0 30.0 3
3 3 1938.0 1114.0 4
1 1 1173.0 1173.0 5
11 20 10690.0 2352.0 6
9 10 15618.0 13155.0 7
8 19 2992.0 1414.0 8
11 13 5917.0 3618.0 9
5 5 854.0 283.0 10
7 9 1270.0 744.0 11
1 2 6538.0 6538.0 12
0 0 0 0 13
13 16 24795.0 18390.0 14
9 11 5343.0 1814.0 15
6 8 5670.0 1762.0 16
12 30 4916.0 1762.0 17
6 7 1481.0 492.0 18
10 12 3451.0 751.0 19
24 29 30165.0 21960.0 20
13 21 5330.0 1879.0 21
5 5 4026.0 1991.0 22
3 3 772.0 388.0 23
2 3 284.0 235.0 0
1 1 106.0 106.0 1
4 7 2560.0 1820.0 2
3 3 1919.0 1820.0 3
5 5 2109.0 1114.0 4
2 2 231.0 139.0 5
8 11 5386.0 1852.0 6
6 8 2331.0 1424.0 7
4 8 4106.0 1424.0 8
8 10 1465.0 636.0 9
2 3 1826.0 1422.0 10
4 4 1103.0 646.0 11
9 14 4542.0 1223.0 12
4 4 3387.0 2936.0 13
7 32 3764.0 1268.0 14
7 9 3551.0 1454.0 15
31 60 40318.0 1472.0 16
7 14 4803.0 1472.0 17
8 11 6853.0 1880.0 18
7 7 2868.0 916.0 19
6 7 1040.0 572.0 20
2 2 15102.0 15093.0 21
3 4 1528.0 1399.0 22
3 3 80.0 55.0 23
0 0 0 0 0
0 0 0 0 1
0 0 0 0 2
0 0 0 0 3
0 0 0 0 4
1 1 11.0 11.0 5
4 4 2057.0 1424.0 6
3 6 227.0 105.0 7
5 11 41291.0 39652.0 8
7 8 1213.0 435.0 9
4 7 1879.0 1235.0 10
3 3 1400.0 881.0 11
2 2 814.0 640.0 12
0 0 0 0 13
1 2 166.0 166.0 14
6 16 2424.0 1216.0 15
6 9 2130.0 915.0 16
12 13 3752.0 1810.0 17
12 16 4932.0 1723.0 18
16 34 8445.0 1668.0 19
19 21 23943.0 6708.0 20
4 4 1931.0 995.0 21
6 19 7847.0 2960.0 22
3 4 4421.0 2960.0 23
0 0 0 0 0
3 5 273.0 177.0 1
3 3 346.0 156.0 2
2 2 2064.0 1596.0 3
4 4 315.0 236.0 4
7 69 3219.0 1424.0 5
14 17 8534.0 5864.0 6
5 7 675.0 358.0 7
11 11 3483.0 1424.0 8
11 15 3906.0 1762.0 9
10 31 6806.0 1644.0 10
13 14 2543.0 884.0 11
9 9 2768.0 746.0 12
6 8 4162.0 2496.0 13
10 12 5219.0 2305.0 14
8 13 5224.0 2752.0 15
18 21 15937.0 4853.0 16
24 200 119304.0 36034.0 17
21 42 10185.0 1778.0 18
4 6 1480.0 1114.0 19
8 12 2782.0 1472.0 20
8 8 4742.0 2287.0 21
5 6 2526.0 1637.0 22
1 1 241.0 241.0 23
3 4 9441.0 8783.0 0
0 0 0 0 1
1 1 1114.0 1114.0 2
2 2 121.0 80.0 3
1 2 587.0 587.0 4
5 6 7767.0 4853.0 5
7 35 29371.0 26838.0 6
3 5 2150.0 1357.0 7
6 16 2586.0 1357.0 8
4 17 27362.0 26838.0 9
3 3 131.0 49.0 10
6 7 2361.0 852.0 11
52 80 26785.0 3246.0 12
15 16 7730.0 2603.0 13
12 20 2983.0 1799.0 14
16 227 60339.0 26838.0 15
13 45 5849.0 3183.0 16
13 15 8367.0 1778.0 17
17 27 11287.0 1778.0 18
6 7 2894.0 1723.0 19
15 30 6551.0 2033.0 20
4 4 442.0 238.0 21
2 2 309.0 284.0 22
4 7 741.0 294.0 23
4 4 355.0 231.0 0
2 2 3800.0 3742.0 1
2 3 382.0 282.0 2
3 4 1828.0 1016.0 3
2 4 99.0 99.0 4
5 10 7417.0 3080.0 5
6 10 5876.0 2462.0 6
9 16 7265.0 4068.0 7
23 34 8940.0 2204.0 8
8 15 8853.0 3080.0 9
5 11 21646.0 16257.0 10
14 18 91128.0 41801.0 11
8 12 1450.0 344.0 12
7 10 1924.0 1096.0 13
15 35 57225.0 26838.0 14
11 21 10333.0 7321.0 15
8 17 2628.0 806.0 16
14 19 6219.0 2050.0 17
18 99 14676.0 3246.0 18
5 7 612.0 373.0 19
5 5 2685.0 1243.0 20
6 8 1379.0 389.0 21
1 1 71.0 71.0 22
0 0 0 0 23
2 2 621.0 388.0 0
0 0 0 0 1
3 50 2470.0 1778.0 2
5 67 47919.0 26838.0 3
4 5 806.0 388.0 4
3 4 1954.0 1424.0 5
5 7 2338.0 1424.0 6
8 8 2517.0 707.0 7
15 25 8958.0 2321.0 8
9 10 4044.0 1781.0 9
11 13 5787.0 2462.0 10
11 12 4484.0 1569.0 11
15 21 2631.0 834.0 12
6 7 2305.0 1369.0 13
12 18 4352.0 1243.0 14
10 38 9569.0 4155.0 15
10 28 16741.0 13225.0 16
30 52 15738.0 1814.0 17
10 14 4992.0 1130.0 18
12 15 4458.0 1065.0 19
11 18 9638.0 4757.0 20
7 9 2180.0 1233.0 21
3 3 1702.0 1243.0 22
5 16 617.0 360.0 23
1 1 11.0 11.0 0
0 0 0 0 1
2 2 242.0 157.0 2
1 4 351.0 351.0 3
0 0 0 0 4
1 1 139.0 139.0 5
5 5 6915.0 6337.0 6
9 10 1551.0 541.0 7
11 14 3069.0 593.0 8
38 44 17585.0 2226.0 9
29 32 8183.0 1814.0 10
28 31 11225.0 2051.0 11
44 115 347781.0 328917.0 12
20 21 4701.0 2089.0 13
15 19 4151.0 1057.0 14
19 24 14860.0 6456.0 15
17 18 4377.0 1424.0 16
10 16 4040.0 1778.0 17
12 21 5327.0 1723.0 18
10 11 2745.0 750.0 19
12 17 6069.0 1697.0 20
3 5 648.0 371.0 21
4 5 1427.0 828.0 22
1 1 335.0 335.0 23
0 0 0 0 0
0 0 0 0 1
0 0 0 0 2
5 11 724.0 431.0 3
9 10 6089.0 2419.0 4
5 6 856.0 389.0 5
5 6 2756.0 1424.0 6
4 4 7210.0 5145.0 7
8 20 6388.0 2507.0 8
12 13 6887.0 2384.0 9
9 10 3742.0 1928.0 10
21 86 340956.0 328917.0 11
13 52 20718.0 13225.0 12
15 66 9816.0 4376.0 13
14 19 15041.0 8678.0 14
14 19 3402.0 1019.0 15
16 19 18289.0 12057.0 16
15 48 35174.0 26838.0 17
13 14 6545.0 1545.0 18
12 16 4770.0 1533.0 19
4 4 276.0 255.0 20
0 0 0 0 21
0 0 0 0 22
0 0 0 0 23
0 0 0 0 0
1 1 22.0 22.0 1
0 0 0 0 2
0 0 0 0 3
1 1 1037.0 1037.0 4
2 3 14422.0 7211.0 5
1 1 25.0 25.0 6
2 3 1574.0 1357.0 7
0 0 0 0 8
3 4 448.0 190.0 9
1 1 234.0 234.0 10
2 2 2421.0 2218.0 11
1 2 949.0 949.0 12
3 3 2642.0 1177.0 13
2 2 92.0 50.0 14
0 0 0 0 15
2 3 1149.0 685.0 16
0 0 0 0 17
3 55 329369.0 328882.0 18
3 4 1246.0 976.0 19
1 1 380.0 380.0 20
1 1 518.0 518.0 21
0 0 0 0 22
4 4 581.0 317.0 23
0 0 0 0 0
0 0 0 0 1
0 0 0 0 2
0 0 0 0 3
5 7 718.0 564.0 4
0 0 0 0 5
1 1 852.0 852.0 6
8 8 6397.0 5047.0 7
6 17 15796.0 7248.0 8
5 14 29657.0 26729.0 9
8 77 3999.0 1870.0 10
6 64 15435.0 14789.0 11
8 8 2454.0 1933.0 12
7 7 4218.0 2264.0 13
3 3 67538.0 52747.0 14
5 29 15048.0 11542.0 15
5 7 1404.0 787.0 16
0 0 0 0 17
1 1 292.0 292.0 18
2 3 90.0 62.0 19
0 0 0 0 20
1 1 1034.0 1034.0 21
1 1 173.0 173.0 22
1 2 523.0 523.0 23
1 1 297.0 297.0 0
0 0 0 0 1
1 2 96.0 96.0 2
0 0 0 0 3
2 4 1349.0 1289.0 4
1 1 61.0 61.0 5
1 1 129.0 129.0 6
1 1 314.0 314.0 7
1 1 225.0 225.0 8
3 6 1564.0 1287.0 9
3 3 258.0 144.0 10
2 41 329662.0 328882.0 11
3 3 912.0 463.0 12
1 1 124.0 124.0 13
4 4 1957.0 1357.0 14
3 3 335.0 182.0 15
12 114 5684.0 1999.0 16
10 91 331047.0 328882.0 17
11 14 2377.0 745.0 18
7 13 10902.0 7369.0 19
5 5 1817.0 1309.0 20
3 3 625.0 404.0 21
5 5 691.0 236.0 22
8 10 788.0 172.0 23
6 7 1212.0 579.0 0
5 9 8583.0 3805.0 1
6 7 10971.0 7311.0 2
9 10 19507.0 17050.0 3
21 24 10246.0 2375.0 4
35 49 21466.0 7218.0 5
49 55 19690.0 2180.0 6
50 127 48040.0 14622.0 7
39 51 34425.0 18875.0 8
47 75 32673.0 8067.0 9
368 858 425003.0 92014.0 10
419 555 1084877.0 659199.0 11
587 861 906541.0 328917.0 12
711 1032 1141428.0 260012.0 13
1297 1867 1663339.0 260613.0 14
3444 4857 4635867.0 409172.0 15
3785 4682 4224616.0 656839.0 16
1666 1956 1234722.0 135232.0 17
3067 3585 3521725.0 556592.0 18
3368 4142 4194694.0 878798.0 19
190 256 190275.0 48374.0 20
61 92 46148.0 10297.0 21
56 68 29711.0 6484.0 22
64 66 57594.0 26922.0 23
40 56 17362.0 4777.0 0
31 34 11236.0 1070.0 1
30 35 12376.0 1345.0 2
36 46 23135.0 7318.0 3
35 40 39775.0 18126.0 4
36 41 13231.0 1424.0 5
36 51 32798.0 13152.0 6
32 35 23877.0 7664.0 7
36 41 28387.0 5019.0 8
33 103 8830.0 1379.0 9
25 76 56541.0 36281.0 10
7 11 3309.0 1512.0 11
10 10 1785.0 819.0 12
7 9 5295.0 1799.0 13
2 3 149.0 115.0 14
2 2 254.0 180.0 15
4 5 707.0 412.0 16
4 6 424.0 179.0 17
1 1 1348.0 1348.0 18
1 1 3.0 3.0 19
1 1 4.0 4.0 20
1 1 841.0 841.0 21
2 2 1864.0 1666.0 22
0 0 0 0 23
0 0 0 0 0
0 0 0 0 1
1 1 1104.0 1104.0 2
0 0 0 0 3
0 0 0 0 4
1 1 147.0 147.0 5
1 1 730.0 730.0 6
1 1 287.0 287.0 7
0 0 0 0 8
0 0 0 0 9
1 1 428.0 428.0 10
1 1 1348.0 1348.0 11
0 0 0 0 12
1 1 412.0 412.0 13
0 0 0 0 14
0 0 0 0 15
0 0 0 0 16
2 2 127.0 119.0 17
2 3 170.0 90.0 18
0 0 0 0 19
0 0 0 0 20
0 0 0 0 21
0 0 0 0 22
0 0 0 0 23
2 2 626.0 313.0 0
1 1 1334.0 1334.0 1
0 0 0 0 2
0 0 0 0 3
1 2 1133.0 1133.0 4
0 0 0 0 5
1 1 2458.0 2458.0 6
0 0 0 0 7
2 2 610.0 513.0 8
1 1 194.0 194.0 9
1 1 71.0 71.0 10
0 0 0 0 11
2 2 858.0 854.0 12
0 0 0 0 13
0 0 0 0 14
0 0 0 0 15
1 1 24.0 24.0 16
0 0 0 0 17
0 0 0 0 18
0 0 0 0 19
0 0 0 0 20
0 0 0 0 21
0 0 0 0 22
0 0 0 0 23
0 0 0 0 0
0 0 0 0 1
0 0 0 0 2
0 0 0 0 3
0 0 0 0 4
0 0 0 0 5
0 0 0 0 6
0 0 0 0 7
0 0 0 0 8
0 0 0 0 9
0 0 0 0 10
0 0 0 0 11
0 0 0 0 12
1 1 3459.0 3459.0 13
0 0 0 0 14
0 0 0 0 15
0 0 0 0 16
0 0 0 0 17
0 0 0 0 18
0 0 0 0 19
0 0 0 0 20
0 0 0 0 21
0 0 0 0 22
0 0 0 0 23
0 0 0 0 0
0 0 0 0 1
0 0 0 0 2
0 0 0 0 3
0 0 0 0 4
1 1 854.0 854.0 5
0 0 0 0 6
0 0 0 0 7
0 0 0 0 8
0 0 0 0 9
0 0 0 0 10
0 0 0 0 11
0 0 0 0 12
0 0 0 0 13
0 0 0 0 14
0 0 0 0 15
0 0 0 0 16
0 0 0 0 17
0 0 0 0 18
0 0 0 0 19
0 0 0 0 20
0 0 0 0 21
0 0 0 0 22
1 1 0.0 0 23
0 0 0 0 0
0 0 0 0 1
0 0 0 0 2
0 0 0 0 3
0 0 0 0 4
0 0 0 0 5
0 0 0 0 6
0 0 0 0 7
0 0 0 0 8
0 0 0 0 9
0 0 0 0 10
0 0 0 0 11
0 0 0 0 12
0 0 0 0 13
0 0 0 0 14
