1 1 46.0 46.0 12
6 24 1618479.0 1608967.0 13
1 1 44.0 44.0 14
4 7 13195.0 11913.0 15
0 0 0 0 16
3 7 77824.0 76949.0 17
3 8 27174.0 25955.0 18
2 6 7377.0 6734.0 19
0 0 0 0 20
1 3 30.0 30.0 21
1 2 285.0 285.0 22
0 0 0 0 23
0 0 0 0 0
0 0 0 0 1
0 0 0 0 2
0 0 0 0 3
0 0 0 0 4
0 0 0 0 5
0 0 0 0 6
0 0 0 0 7
2 2 751.0 542.0 8
4 4 3205.0 1958.0 9
2 3 10699.0 10416.0 10
3 3 997.0 809.0 11
1 1 6.0 6.0 12
1 1 186.0 186.0 13
0 0 0 0 14
4 5 1582.0 1080.0 15
1 1 357.0 357.0 16
0 0 0 0 17
1 2 285.0 285.0 18
1 1 651.0 651.0 19
2 3 9882.0 9802.0 20
3 7 800.0 473.0 21
0 0 0 0 22
1 1 86.0 86.0 23
0 0 0 0 0
2 3 28.0 21.0 1
0 0 0 0 2
0 0 0 0 3
0 0 0 0 4
0 0 0 0 5
0 0 0 0 6
1 1 250.0 250.0 7
5 5 529.0 427.0 8
7 27 16978.0 6258.0 9
3 4 16599.0 15086.0 10
7 21 15373.0 7397.0 11
16 31 33451.0 13103.0 12
3 5 815.0 473.0 13
8 34 69981.0 50314.0 14
252 746 1400019.0 442147.0 15
120 431 438536.0 154839.0 16
87 138 95635.0 21853.0 17
124 237 328811.0 130643.0 18
263 677 835668.0 154840.0 19
96 209 591028.0 154838.0 20
62 103 58632.0 20285.0 21
49 65 24545.0 5220.0 22
28 35 20154.0 10594.0 23
17 24 13214.0 9264.0 0
9 10 2928.0 1028.0 1
8 9 1786.0 468.0 2
3 4 3112.0 2215.0 3
12 28 18721.0 5649.0 4
19 34 168648.0 154838.0 5
13 28 7167.0 2312.0 6
46 71 348265.0 154838.0 7
35 64 1245304.0 1170920.0 8
54 104 126537.0 50314.0 9
38 92 245983.0 130643.0 10
36 46 58981.0 37462.0 11
40 144 84069.0 25093.0 12
31 232 26946.0 6578.0 13
17 33 30122.0 10100.0 14
29 172 67114.0 23308.0 15
13 16 20391.0 18866.0 16
14 45 146180.0 84672.0 17
19 43 11176.0 1701.0 18
16 30 24688.0 11664.0 19
16 24 6766.0 1604.0 20
17 21 18038.0 10597.0 21
10 17 18840.0 15609.0 22
14 16 4508.0 2366.0 23
1 1 478.0 478.0 0
2 4 1348.0 769.0 1
0 0 0 0 2
2 2 3650.0 2894.0 3
2 3 1701.0 1425.0 4
5 26 15915.0 11946.0 5
11 14 8791.0 1928.0 6
14 18 7058.0 1466.0 7
17 30 55113.0 17563.0 8
25 43 85257.0 66789.0 9
8 10 8042.0 4066.0 10
18 21 44677.0 17563.0 11
0 0 0 0 12
4 148 345902.0 154839.0 13
15 27 6551.0 3839.0 14
19 113 9866749.0 9622111.0 15
12 19 24182.0 12931.0 16
26 51 60113.0 11888.0 17
13 17 7701.0 3401.0 18
18 22 8348.0 1660.0 19
30 39 39861.0 15195.0 20
22 32 14081.0 2671.0 21
13 16 3035.0 1947.0 22
12 27 7447.0 1947.0 23
1 1 7.0 7.0 0
1 1 41.0 41.0 1
2 2 1367.0 1277.0 2
2 8 8434.0 5706.0 3
6 7 5438.0 5201.0 4
5 8 3079.0 1785.0 5
13 17 17725.0 6039.0 6
10 15 8490.0 1660.0 7
13 24 38270.0 17563.0 8
11 18 163081.0 154837.0 9
12 55 71090.0 50314.0 10
16 223 9690321.0 9622111.0 11
28 314 2285855.0 864131.0 12
14 14 3899.0 1029.0 13
20 54 95285.0 37680.0 14
24 43 254086.0 154837.0 15
26 45 35010.0 10436.0 16
20 86 43722.0 15009.0 17
12 20 13669.0 8998.0 18
10 12 7740.0 4597.0 19
17 24 81923.0 69255.0 20
21 340 870659.0 864018.0 21
6 9 3610.0 1850.0 22
6 6 2329.0 1028.0 23
2 2 79.0 55.0 0
3 3 21069.0 20923.0 1
1 1 22.0 22.0 2
2 2 176.0 89.0 3
3 5 17935.0 11886.0 4
5 12 81251.0 66786.0 5
6 13 18049.0 12831.0 6
15 25 62718.0 50314.0 7
22 104 80558.0 22143.0 8
28 99 71459.0 17563.0 9
18 102 519543.0 363773.0 10
16 30 121615.0 97580.0 11
10 21 167597.0 163543.0 12
8 66 32476.0 15195.0 13
2 4 32351.0 32185.0 14
2 67 50868.0 38036.0 15
10 35 6937.0 2618.0 16
35 78 95060.0 45827.0 17
12 17 9095.0 3699.0 18
48 193 829901.0 154836.0 19
34 59 40138.0 7907.0 20
22 112 60165.0 25517.0 21
20 36 23833.0 7654.0 22
13 15 11579.0 6578.0 23
8 10 4541.0 3604.0 0
13 16 11588.0 8999.0 1
1 1 24.0 24.0 2
5 20 158735.0 119903.0 3
2 4 997.0 956.0 4
6 22 61476.0 37494.0 5
22 39 61855.0 37465.0 6
26 73 103824.0 50314.0 7
25 54 85943.0 50314.0 8
20 49 27884.0 15195.0 9
29 78 198273.0 103827.0 10
30 71 107686.0 35309.0 11
35 99 436358.0 154837.0 12
32 142 520502.0 259205.0 13
26 41 82903.0 66786.0 14
23 52 39478.0 19230.0 15
28 68 32994.0 7661.0 16
25 36 69561.0 37464.0 17
26 53 59124.0 22553.0 18
24 38 26322.0 3833.0 19
23 94 26465.0 5356.0 20
18 25 18942.0 3699.0 21
13 34 167979.0 154838.0 22
3 12 1054.0 700.0 23
6 17 11883.0 6578.0 0
4 4 53.0 20.0 1
3 5 953.0 700.0 2
1 1 146.0 146.0 3
1 1 333.0 333.0 4
8 16 18229.0 8804.0 5
5 5 3150.0 2299.0 6
25 96 188041.0 66307.0 7
22 170 4349839.0 4218440.0 8
20 49 58070.0 28297.0 9
21 51 62883.0 17767.0 10
41 1783 120117.0 47892.0 11
64 97 47174.0 4544.0 12
27 53 40535.0 10074.0 13
33 207 489911.0 154837.0 14
21 47 191742.0 154837.0 15
34 110 111739.0 37463.0 16
21 42 106802.0 37465.0 17
30 47 241596.0 154837.0 18
42 121 180291.0 154843.0 19
36 47 67909.0 37465.0 20
27 46 29665.0 16188.0 21
12 13 5817.0 2980.0 22
12 15 14156.0 4066.0 23
7 11 6157.0 3274.0 0
3 3 104.0 54.0 1
4 5 2545.0 1667.0 2
5 7 573.0 369.0 3
4 16 13767.0 10436.0 4
9 9 4177.0 1339.0 5
12 102 385416.0 154838.0 6
45 92 165876.0 75984.0 7
79 211 2065657.0 363773.0 8
104 570 844205.0 154862.0 9
144 534 909669.0 154838.0 10
77 384 413732.0 154838.0 11
78 226 17508310.0 5638999.0 12
98 403 1259562.0 154838.0 13
114 316 1861980.0 154838.0 14
66 158 1309371.0 154838.0 15
43 177 1128049.0 864131.0 16
48 139 177005.0 145700.0 17
57 98 112299.0 50573.0 18
44 54 31391.0 9628.0 19
52 79 44543.0 5155.0 20
37 87 53057.0 7731.0 21
30 45 36011.0 18068.0 22
21 24 25731.0 5985.0 23
7 8 4129.0 1661.0 0
6 7 1745.0 424.0 1
18 30 171660.0 154802.0 2
15 21 45353.0 11992.0 3
15 28 261350.0 154840.0 4
29 62 248693.0 154840.0 5
26 39 100093.0 23968.0 6
43 142 137640.0 37465.0 7
78 300 2035578.0 1300995.0 8
56 210 982363.0 864086.0 9
65 153 404951.0 163543.0 10
76 190 1737793.0 1300995.0 11
60 160 580542.0 274721.0 12
62 194 1744723.0 765981.0 13
130 477 2073851.0 158724.0 14
61 245 17371758.0 5639588.0 15
56 89 191357.0 55649.0 16
121 234 2397248.0 1695945.0 17
83 341 852188.0 358247.0 18
72 357 1010449.0 864086.0 19
68 135 408727.0 154840.0 20
44 140 476118.0 163543.0 21
42 81 83995.0 22143.0 22
20 33 85126.0 66786.0 23
9 14 6948.0 4212.0 0
8 9 2555.0 699.0 1
7 11 12456.0 5037.0 2
15 35 7504.0 5375.0 3
21 38 193565.0 154840.0 4
27 142 9786932.0 9622991.0 5
35 79 177195.0 67496.0 6
55 117 224935.0 76005.0 7
90 244 1811472.0 368812.0 8
132 394 923257.0 171423.0 9
160 330 1729630.0 368812.0 10
263 634 3131207.0 1121543.0 11
185 596 1632722.0 368812.0 12
107 385 1044260.0 368812.0 13
132 454 486936.0 154840.0 14
114 225 28620842.0 5639588.0 15
66 111 530651.0 363773.0 16
81 308 9912722.0 9623777.0 17
85 179 700002.0 312255.0 18
64 115 540893.0 442182.0 19
48 77 203675.0 163543.0 20
47 88 92034.0 17766.0 21
26 37 179201.0 100101.0 22
20 28 29657.0 7661.0 23
19 23 46571.0 37679.0 0
4 4 1802.0 1176.0 1
9 17 4643.0 1224.0 2
12 19 12699.0 5495.0 3
27 72 693792.0 656206.0 4
24 40 66348.0 19230.0 5
33 63 119313.0 21941.0 6
75 170 3192768.0 1300995.0 7
80 175 355163.0 68677.0 8
125 406 2642530.0 442168.0 9
133 607 1830549.0 864179.0 10
114 1264 1032132.0 328917.0 11
93 150 497649.0 112241.0 12
119 692 881391.0 163543.0 13
126 385 1357664.0 442182.0 14
101 369 17404756.0 5639588.0 15
82 302 1127451.0 581857.0 16
94 289 1730643.0 1301058.0 17
84 174 2236220.0 1695945.0 18
70 129 333444.0 154840.0 19
14 24 49199.0 43361.0 20
5 20 888484.0 864131.0 21
4 26 286985.0 154840.0 22
4 20 331694.0 154840.0 23
54 85 265283.0 100058.0 0
66 115 2050683.0 1811012.0 1
61 100 183340.0 29065.0 2
93 196 582199.0 158847.0 3
138 560 2256574.0 158847.0 4
192 451 1750703.0 364851.0 5
255 736 3386709.0 877327.0 6
505 1866 13029920.0 1546606.0 7
635 2597 15423907.0 4934199.0 8
770 5208 30000242.0 9617472.0 9
780 2152 21413626.0 9617472.0 10
636 3742 33660465.0 9617655.0 11
548 14423 37872083.0 9617655.0 12
706 3976 42401815.0 9617655.0 13
661 5893 35070681.0 9617655.0 14
680 3478 33448616.0 9617655.0 15
738 2404 19780056.0 5017883.0 16
591 2797 41535167.0 9617655.0 17
433 7513 24268143.0 9617655.0 18
634 2310 15047002.0 4338891.0 19
284 972 13526975.0 9617655.0 20
187 678 5066477.0 1481050.0 21
329 685 2339358.0 420881.0 22
137 252 1238725.0 285515.0 23
110 171 932482.0 285515.0 0
80 181 1986448.0 1481050.0 1
96 241 4044995.0 3232986.0 2
146 291 4339585.0 2586640.0 3
130 407 3563659.0 2586640.0 4
61 1394 1522535.0 411462.0 5
205 1095 6827992.0 1081638.0 6
875 4518 66931345.0 14895407.0 7
969 4915 44809114.0 9617680.0 8
654 2568 28721465.0 9617680.0 9
922 4024 34073699.0 5017883.0 10
1206 3195 21830681.0 6461338.0 11
1118 6498 39379002.0 5690247.0 12
884 3349 45967259.0 9617680.0 13
977 4021 42987540.0 9617680.0 14
665 2086 25267543.0 9617680.0 15
322 1713 22861793.0 4881441.0 16
93 651 23568475.0 9617680.0 17
195 787 15180152.0 5017883.0 18
108 627 12986134.0 9617680.0 19
130 832 16144661.0 9617680.0 20
106 541 1055163.0 328882.0 21
76 262 10741775.0 9617680.0 22
49 87 492187.0 276540.0 23
35 107 1483206.0 420881.0 0
45 58 189865.0 134405.0 1
20 31 257475.0 215736.0 2
34 1776 172958.0 68666.0 3
39 156 371188.0 73637.0 4
67 140 1821270.0 508568.0 5
87 982 6345748.0 2034387.0 6
141 427 3032590.0 381383.0 7
207 1358 15963822.0 3201894.0 8
242 863 14314556.0 7494438.0 9
255 1764 23905942.0 9617680.0 10
302 3445 36048765.0 9617680.0 11
370 1705 20419028.0 9617680.0 12
353 2846 36690276.0 9617680.0 13
358 1791 16590046.0 5044065.0 14
367 6020 38176318.0 9617680.0 15
814 3063 23984406.0 3792838.0 16
893 3281 28026374.0 6461338.0 17
913 3803 21465306.0 4522237.0 18
432 1917 12134351.0 2411785.0 19
771 3465 20711137.0 5044065.0 20
698 10233 42564968.0 6151054.0 21
654 6018 8349500.0 1547974.0 22
430 3362 7642046.0 5044065.0 23
527 7183 18090954.0 9617680.0 0
371 2296 5023943.0 3154905.0 1
309 674 6899287.0 4522237.0 2
376 951 2256587.0 508568.0 3
493 1273 4889724.0 1695905.0 4
1083 10012 24661015.0 9617680.0 5
2008 13610 34951678.0 9617680.0 6
2697 10010 50283418.0 9617680.0 7
1864 9569 58454713.0 9617680.0 8
3031 18635 87435161.0 9617680.0 9
22212 44542 116296463.0 14917017.0 10
111590 142874 190853528.0 9624599.0 11
96475 133582 181750785.0 9625239.0 12
74043 113107 296648408.0 65404697.0 13
66410 112516 397295928.0 16429588.0 14
95900 238585 1049590992.0 9701272.0 15
93904 276251 1053334033.0 15947518.0 16
86168 267162 1123786687.0 27125879.0 17
53194 162269 753471410.0 15945119.0 18
14191 36857 110127485.0 15946808.0 19
7057 33756 114681373.0 9675466.0 20
2722 18387 47955570.0 9675466.0 21
3780 11009 39746739.0 9675466.0 22
1986 7643 55911789.0 9675466.0 23
1277 2221 16634826.0 5025007.0 0
996 1594 8660714.0 3093728.0 1
963 4035 26579366.0 4352468.0 2
1395 3866 17117000.0 5025007.0 3
1731 5837 47687065.0 14578601.0 4
1978 6878 47204411.0 9695644.0 5
2095 5749 43605690.0 5025007.0 6
2078 11728 46466701.0 9675466.0 7
1965 4913 22850235.0 5866043.0 8
2673 16248 44518806.0 9676073.0 9
2083 5223 42508988.0 9676073.0 10
1746 7375 36461711.0 9676607.0 11
1614 5819 38473635.0 9676607.0 12
1519 4915 42023828.0 6766470.0 13
1425 5926 45414029.0 9676607.0 14
1289 4538 18910269.0 3440176.0 15
1253 3973 20277417.0 1696446.0 16
1084 24588 24294818.0 9676607.0 17
881 5746 15776984.0 4814297.0 18
823 1313 7044460.0 1206771.0 19
630 2409 20950880.0 4814297.0 20
457 3564 44847730.0 9676607.0 21
355 555 5034985.0 4338911.0 22
197 1999 16666259.0 9676607.0 23
159 276 6854217.0 5025112.0 0
108 182 769839.0 224089.0 1
111 2168 711503.0 285833.0 2
150 219 745197.0 151006.0 3
212 922 3714309.0 1818628.0 4
275 1599 4148605.0 1605328.0 5
378 2637 24517075.0 9676607.0 6
420 3353 21044863.0 9677129.0 7
536 4617 7800064.0 1605328.0 8
558 3442 24446097.0 9677129.0 9
507 2006 22034458.0 9677129.0 10
407 1432 8868114.0 3440176.0 11
375 1068 18860943.0 9677129.0 12
431 1440 13691509.0 9677129.0 13
296 1344 30927105.0 9677129.0 14
283 1260 5446842.0 1605328.0 15
250 3116 33889233.0 9677129.0 16
305 485 1636467.0 464912.0 17
220 415 1172413.0 279913.0 18
108 319 2322696.0 1605328.0 19
234 338 1244830.0 279913.0 20
130 1107 12712381.0 9677129.0 21
69 83 110417.0 33143.0 22
54 68 80039.0 17098.0 23
49 180 9818644.0 9677129.0 0
40 53 78869.0 17098.0 1
39 69 53965.0 17098.0 2
37 68 76463.0 34453.0 3
66 804 285913.0 74237.0 4
102 250 638586.0 130703.0 5
142 359 1022143.0 232130.0 6
156 397 3395323.0 1306910.0 7
246 514 2151256.0 424138.0 8
244 1012 4208836.0 1605328.0 9
210 442 3493097.0 1206771.0 10
249 969 7330168.0 1306910.0 11
116 354 6608221.0 5050359.0 12
146 723 10852447.0 9677129.0 13
150 608 5973510.0 5050359.0 14
156 437 2738601.0 1306910.0 15
171 662 10614440.0 9677129.0 16
200 3451 14009467.0 9677129.0 17
177 992 11937105.0 9677129.0 18
156 1045 4260418.0 1267836.0 19
109 147 214784.0 71792.0 20
85 135 625638.0 365630.0 21
65 317 9965091.0 9677129.0 22
36 50 16306.0 1945.0 23
34 137 52008.0 29131.0 0
30 46 31698.0 14670.0 1
28 40 25484.0 5611.0 2
27 47 21089.0 6755.0 3
54 455 308394.0 144122.0 4
78 133 290438.0 103980.0 5
91 364 3190980.0 1267836.0 6
88 237 1092047.0 166487.0 7
117 709 20659176.0 9677129.0 8
126 255 1625842.0 582644.0 9
118 177 540246.0 168071.0 10
73 196 955020.0 260399.0 11
82 153 458375.0 182188.0 12
93 198 2204314.0 1325121.0 13
105 1214 13208260.0 9677129.0 14
92 302 3378884.0 1306910.0 15
95 1258 8029344.0 5025112.0 16
102 389 2768090.0 1306910.0 17
100 226 942934.0 329348.0 18
54 98 496720.0 213116.0 19
88 1332 10604896.0 9677129.0 20
112 341 2278388.0 1306910.0 21
57 452 10312967.0 9677129.0 22
28 43 170111.0 134596.0 23
37 57 45131.0 16422.0 0
20 25 34829.0 16176.0 1
33 49 247814.0 222675.0 2
26 35 159442.0 141595.0 3
41 119 2345087.0 168218.0 4
22 29 11846.0 2812.0 5
67 121 624995.0 422506.0 6
153 358 452447.0 92199.0 7
108 134 504784.0 192007.0 8
83 328 1960083.0 1306910.0 9
69 109 221323.0 71792.0 10
79 410 4552285.0 3981868.0 11
85 556 6495449.0 2279962.0 12
97 4333 5890181.0 2590060.0 13
130 1005 10447068.0 9677129.0 14
77 347 5760808.0 5050359.0 15
70 122 350354.0 132029.0 16
59 146 1452622.0 1306910.0 17
60 180 2871437.0 2590060.0 18
59 129 606028.0 285833.0 19
40 411 9740299.0 9677129.0 20
31 34 115741.0 92234.0 21
26 30 12130.0 3317.0 22
21 26 157772.0 141595.0 23
22 26 291034.0 160759.0 0
28 128 5046265.0 5025112.0 1
24 47 71532.0 54443.0 2
12 14 76239.0 68723.0 3
14 18 7623.0 5928.0 4
33 68 15766.0 4138.0 5
33 42 217619.0 125819.0 6
81 258 1672204.0 159074.0 7
49 454 1475395.0 1267836.0 8
47 100 549263.0 159074.0 9
46 73 585388.0 160759.0 10
0 0 0 0 11
0 0 0 0 12
0 0 0 0 13
0 0 0 0 14
